---Entering main---
Interrupt controller driver initialized!
Connected to Interrupt Controller!
Started Interrupt Controller!
Initialized Timer!
Interrupts enabled!
0,287
1,426
2,95
3,95
4,426
5,95
6,95
7,426
8,95
9,99
10,426
11,95
12,99
13,95
14,95
15,95
16,99
17,95
18,95
19,95
20,95
21,426
22,95
23,95
24,426
25,115
26,95
27,426
28,99
29,95
30,95
31,95
32,95
33,95
34,95
35,95
36,95
37,102
38,95
39,95
40,95
41,95
42,95
43,95
44,95
45,95
46,116
47,426
48,95
49,99
50,426
51,95
52,95
53,426
54,95
55,95
56,95
57,95
58,102
59,95
60,95
61,95
62,95
63,95
64,95
65,95
66,95
67,116
68,95
69,95
70,430
71,95
72,95
73,426
74,95
75,95
76,426
77,95
78,95
79,426
80,95
81,95
82,95
83,95
84,95
85,97
86,95
87,95
88,98
89,95
90,95
91,95
92,95
93,95
94,95
95,95
96,95
97,102
98,95
99,426
100,95
101,95
102,426
103,95
104,95
105,426
106,116
107,95
108,95
109,99
110,95
111,95
112,95
113,95
114,95
115,95
116,95
117,95
118,102
119,95
120,95
121,95
122,426
123,95
124,95
125,426
126,95
127,95
128,426
129,100
130,95
131,95
132,95
133,95
134,95
135,100
136,95
137,95
138,99
139,95
140,95
141,95
142,95
143,95
144,95
145,95
146,95
147,102
148,426
149,95
150,95
151,426
152,95
153,95
154,426
155,95
156,116
157,95
158,95
159,99
160,95
161,95
162,95
163,95
164,95
165,95
166,95
167,95
168,102
169,95
170,95
171,426
172,95
173,95
174,426
175,95
176,95
177,447
178,95
179,95
180,426
181,95
182,95
183,95
184,95
185,95
186,95
187,95
188,95
189,96
190,95
191,95
192,95
193,95
194,95
195,99
196,95
197,95
198,99
199,95
200,426
201,95
202,95
203,426
204,95
205,95
206,426
207,102
208,95
209,426
210,95
211,95
212,95
213,95
214,95
215,95
216,116
217,95
218,95
219,99
220,95
221,95
222,95
223,95
224,95
225,95
226,426
227,95
228,102
229,426
230,95
231,95
232,426
233,95
234,95
235,426
236,95
237,116
238,95
239,95
240,99
241,95
242,95
243,95
244,95
245,95
246,95
247,95
248,95
249,433
250,95
251,95
252,426
253,95
254,95
255,426
256,95
257,95
258,447
259,95
260,95
261,95
262,95
263,95
264,95
265,95
266,95
267,95
268,95
269,95
270,96
271,95
272,95
273,95
274,95
275,95
276,99
277,95
278,426
279,99
280,95
281,426
282,95
283,95
284,426
285,95
286,95
287,426
288,102
289,95
290,95
291,95
292,95
293,95
294,95
295,95
296,95
297,116
298,95
299,95
300,99
301,95
302,95
303,95
304,426
305,95
306,95
307,426
308,95
309,102
310,426
311,95
312,95
313,426
314,95
315,95
316,95
317,95
318,116
319,95
320,95
321,99
322,95
323,95
324,95
325,95
326,95
327,95
328,95
329,95
330,433
331,95
332,95
333,426
334,95
335,95
336,426
337,95
338,95
339,426
340,95
341,95
342,95
343,95
344,95
345,99
346,95
347,95
348,97
349,95
350,95
351,95
352,95
353,95
354,95
355,95
356,426
357,115
358,95
359,426
360,99
361,95
362,426
363,95
364,95
365,426
366,95
367,95
368,95
369,102
370,95
371,95
372,95
373,95
374,95
375,95
376,95
377,95
378,116
379,95
380,95
381,99
382,426
383,95
384,95
385,426
386,95
387,95
388,426
389,95
390,102
391,95
392,95
393,95
394,95
395,95
396,95
397,95
398,95
399,116
400,95
401,95
402,99
403,95
404,95
405,426
406,95
407,95
408,426
409,95
410,95
411,433
412,95
413,95
414,426
415,95
416,95
417,95
418,95
419,95
420,95
421,95
422,95
423,95
424,95
425,95
426,99
427,95
428,95
429,97
430,95
431,95
432,95
433,95
434,426
435,95
436,95
437,426
438,115
439,95
440,426
441,99
442,95
443,426
444,95
445,95
446,95
447,95
448,95
449,95
450,102
451,95
452,95
453,95
454,95
455,95
456,95
457,95
458,95
459,116
460,426
461,95
462,99
463,426
464,95
465,95
466,426
467,95
468,95
469,426
470,95
471,102
472,95
473,95
474,95
475,95
476,95
477,95
478,95
479,95
480,116
481,95
482,95
483,430
484,95
485,95
486,426
487,95
488,95
489,426
490,95
491,95
492,433
493,95
494,95
495,95
496,95
497,95
498,95
499,95
500,95
501,95
502,95
503,95
504,95
505,95
506,95
507,99
508,95
509,95
510,97
511,95
512,426
513,95
514,95
515,426
516,95
517,95
518,426
519,115
520,95
521,426
522,99
523,95
524,95
525,95
526,95
527,95
528,95
529,95
530,95
531,102
532,95
533,95
534,95
535,95
536,95
537,95
538,426
539,95
540,116
541,426
542,95
543,99
544,426
545,95
546,95
547,426
548,95
549,95
550,95
551,95
552,102
553,95
554,95
555,95
556,95
557,95
558,95
559,95
560,95
561,447
562,95
563,95
564,430
565,95
566,95
567,426
568,95
569,95
570,426
571,95
572,95
573,426
574,95
575,95
576,95
577,95
578,95
579,97
580,95
581,95
582,98
583,95
584,95
585,95
586,95
587,95
588,95
589,95
590,95
591,102
592,95
593,426
594,95
595,95
596,426
597,95
598,95
599,426
600,116
601,95
602,95
603,99
604,95
605,95
606,95
607,95
608,95
609,95
610,95
611,95
612,102
613,95
614,95
615,95
616,426
617,95
618,95
619,426
620,95
621,116
622,426
623,95
624,99
625,95
626,95
627,95
628,95
629,95
630,95
631,95
632,95
633,102
634,95
635,95
636,95
637,95
638,95
639,95
640,95
641,95
642,447
643,95
644,95
645,430
646,102
647,95
648,95
649,95
650,95
651,95
652,95
653,95
654,95
655,103
656,95
657,95
658,104
659,426
660,95
661,99
662,426
663,95
664,95
665,426
666,95
667,95
668,426
669,95
670,102
671,95
672,95
673,95
674,95
675,95
676,95
677,95
678,95
679,116
680,95
681,95
682,99
683,95
684,95
685,426
686,95
687,95
688,426
689,95
690,95
691,433
692,95
693,95
694,426
695,95
696,95
697,95
698,95
699,95
700,95
701,95
702,95
703,95
704,95
705,95
706,99
707,95
708,95
709,97
710,95
711,95
712,95
713,95
714,426
715,95
716,95
717,426
718,115
719,95
720,426
721,99
722,95
723,95
724,95
725,95
726,95
727,95
728,95
729,95
730,102
731,95
732,95
733,95
734,95
735,95
736,95
737,95
738,95
739,116
740,426
741,95
742,99
743,426
744,95
745,95
746,426
747,95
748,95
749,95
750,95
751,102
752,95
753,95
754,95
755,95
756,95
757,95
758,95
759,95
760,116
761,95
762,95
763,430
764,95
765,95
766,426
767,95
768,95
769,426
770,95
771,95
772,426
773,95
774,95
775,95
776,95
777,95
778,97
779,95
780,95
781,98
782,95
783,95
784,95
785,95
786,95
787,95
788,95
789,95
790,102
791,95
792,426
793,95
794,95
795,426
796,95
797,95
798,426
799,116
800,95
801,95
802,99
803,95
804,95
805,95
806,95
807,95
808,95
809,95
810,95
811,102
812,95
813,95
814,95
815,95
816,95
817,95
818,426
819,95
820,116
821,426
822,95
823,99
824,426
825,95
826,95
827,95
828,95
829,95
830,95
831,95
832,102
833,95
834,95
835,95
836,95
837,95
838,95
839,95
840,95
841,447
842,95
843,95
844,430
845,95
846,95
847,426
848,95
849,95
850,426
851,95
852,95
853,95
854,95
855,95
856,95
857,95
858,95
859,97
860,95
861,95
862,98
863,95
864,95
865,95
866,95
867,95
868,95
869,95
870,426
871,102
872,95
873,426
874,95
875,95
876,426
877,95
878,95
879,426
880,116
881,95
882,95
883,99
884,95
885,95
886,95
887,95
888,95
889,95
890,95
891,95
892,102
893,95
894,95
895,95
896,426
897,95
898,95
899,426
900,95
901,116
902,426
903,95
904,99
905,95
906,95
907,95
908,95
909,95
910,95
911,95
912,95
913,102
914,95
915,95
916,95
917,95
918,95
919,95
920,95
921,95
922,447
923,95
924,95
925,430
926,45
927,95
928,426
929,45
930,95
931,426
932,95
933,95
934,433
935,95
936,95
937,435
938,95
939,95
940,426
941,95
942,95
943,95
944,95
945,95
946,95
947,95
948,95
949,96
950,95
951,95
952,95
953,95
954,95
955,99
956,95
957,95
958,99
959,95
960,426
961,95
962,95
963,426
964,95
965,95
966,426
967,102
968,95
969,426
970,95
971,95
972,95
973,95
974,95
975,95
976,116
977,95
978,95
979,99
980,45
981,95
982,95
983,95
984,95
985,95
986,95
987,95
988,95
989,95
990,95
991,95
992,426
993,96
994,95
995,426
996,95
997,95
998,426
999,99
1000,95
1001,426
1002,99
1003,95
1004,95
1005,95
1006,95
1007,95
1008,95
1009,95
1010,95
1011,102
1012,95
1013,95
1014,95
1015,95
1016,95
1017,95
1018,95
1019,95
1020,116
1021,426
1022,95
1023,99
1024,426
1025,95
1026,95
1027,426
1028,95
1029,95
1030,95
1031,95
1032,102
1033,95
1034,95
1035,95
1036,95
1037,95
1038,95
1039,95
1040,95
1041,116
1042,95
1043,95
1044,430
1045,95
1046,95
1047,426
1048,95
1049,95
1050,426
1051,95
1052,95
1053,426
1054,95
1055,95
1056,95
1057,95
1058,95
1059,97
1060,95
1061,95
1062,98
1063,95
1064,95
1065,95
1066,95
1067,95
1068,95
1069,95
1070,95
1071,102
1072,95
1073,426
1074,95
1075,95
1076,426
1077,95
1078,95
1079,426
1080,116
1081,95
1082,95
1083,99
1084,95
1085,95
1086,95
1087,95
1088,95
1089,95
1090,95
1091,95
1092,102
109;,95
1094,95
1095,95
1096,95
1097,95
1098,95
1099,426
1100,95
1101,116
1102,426
1103,95
1104,99
1105,426
1106,95
1107,95
1108,95
1109,95
1110,95
1111,95
1112,95
1113,102
1114,95
1115,95
1116,95
1117,95
1118,95
1119,95
1120,95
1121,95
1122,447
1123,95
1124,95
1125,430
1126,95
1127,95
1128,426
1129,95
1130,95
1131,426
1132,95
1133,95
1134,95
1135,95
1136,95
1137,95
1138,95
1139,95
1140,97
1141,95
1142,95
1143,98
1144,95
1145,95
1146,95
1147,95
1148,95
1149,95
1150,95
1151,426
1152,103
1153,95
1154,426
1155,95
1156,95
1157,426
1158,95
1159,95
1160,426
1161,116
1162,95
1163,95
1164,99
1165,95
1166,95
1167,95
1168,95
1169,95
1170,95
1171,95
1172,95
1173,102
1174,95
1175,95
1176,95
1177,426
1178,95
1179,95
1180,426
1181,95
1182,116
1183,426
1184,95
1185,99
1186,45
1187,95
1188,95
1189,430
1190,95
1191,95
1192,103
1193,95
1194,95
1195,45
1196,95
1197,99
1198,95
1199,95
1200,99
1201,95
1202,95
1203,95
1204,95
1205,95
1206,95
1207,95
1208,95
1209,102
1210,95
1211,95
1212,426
1213,95
1214,95
1215,426
1216,95
1217,95
1218,447
1219,95
1220,95
1221,426
1222,95
1223,95
1224,95
1225,95
1226,95
1227,95
1228,95
1229,95
1230,96
1231,95
1232,95
1233,95
1234,95
1235,95
1236,99
1237,95
1238,95
1239,99
1240,95
1241,426
1242,95
1243,95
1244,426
1245,95
1246,95
1247,426
1248,102
1249,95
1250,426
1251,95
1252,95
1253,95
1254,95
1255,95
1256,95
1257,116
1258,95
1259,95
1260,99
1261,95
1262,95
1263,95
1264,95
1265,95
1266,95
1267,426
1268,95
1269,102
1270,426
1271,95
1272,95
1273,426
1274,95
1275,95
1276,426
1277,95
1278,116
1279,95
1280,95
1281,99
1282,95
1283,95
1284,95
1285,95
1286,95
1287,95
1288,95
1289,95
1290,433
1291,95
1292,95
1293,426
1294,95
1295,95
1296,426
1297,95
1298,95
1299,447
1300,95
1301,95
1302,95
1303,95
1304,95
1305,95
1306,95
1307,95
1308,95
1309,95
1310,95
1311,96
1312,95
1313,95
1314,95
1315,95
1316,95
1317,99
1318,95
1319,426
1320,99
1321,95
1322,426
1323,95
1324,95
1325,426
1326,95
1327,95
1328,426
1329,102
1330,95
1331,95
1332,95
1333,95
1334,95
1335,95
1336,95
1337,95
1338,116
1339,95
1340,95
1341,99
1342,95
1343,95
1344,95
1345,426
1346,95
1347,95
1348,426
1349,95
1350,102
1351,426
1352,95
1353,95
1354,426
1355,95
1356,95
1357,95
1358,95
1359,116
1360,95
1361,95
1362,99
1363,95
1364,95
1365,95
1366,95
1367,95
1368,95
1369,95
1370,95
1371,433
1372,95
1373,95
1374,426
1375,95
1376,95
1377,426
1378,95
1379,95
1380,426
1381,95
1382,95
1383,95
1384,95
1385,95
1386,99
1387,95
1388,95
1389,97
1390,95
1391,95
1392,95
1393,95
1394,95
1395,95
1396,95
1397,426
1398,115
1399,95
1400,426
1401,99
1402,95
1403,426
1404,95
1405,95
1406,426
1407,95
1408,95
1409,95
1410,102
1411,95
1412,95
1413,95
1414,95
1415,95
1416,95
1417,95
1418,95
1419,116
1420,95
1421,95
1422,99
1423,426
1424,95
1425,95
1426,426
1427,95
1428,95
1429,426
1430,95
1431,102
1432,95
1433,95
1434,95
1435,95
1436,95
1437,95
1438,95
1439,95
1440,116
1441,95
1442,95
1443,99
1444,95
1445,95
1446,426
1447,95
1448,95
1449,426
1450,95
1451,95
1452,433
1453,95
1454,95
1455,426
1456,95
1457,95
1458,95
1459,95
1460,95
1461,95
1462,95
1463,95
1464,95
1465,95
1466,95
1467,99
1468,95
1469,95
1470,97
1471,95
1472,95
1473,95
1474,45
1475,99
1476,95
1477,95
1478,95
1479,95
1480,95
1481,426
1482,95
1483,95
1484,446
1485,95
1486,95
1487,430
1488,95
1489,95
1490,426
1491,95
1492,95
1493,95
1494,95
1495,95
1496,95
1497,95
1498,95
1499,95
1500,95
1501,95
1502,97
1503,95
1504,95
1505,98
1506,95
1507,95
1508,95
1509,95
1510,426
1511,95
1512,95
1513,426
1514,102
1515,95
1516,426
1517,95
1518,95
1519,426
1520,95
1521,95
1522,95
1523,116
1524,95
1525,95
1526,99
1527,95
1528,95
1529,95
1530,95
1531,95
1532,95
1533,95
1534,95
1535,102
1536,426
1537,95
1538,95
1539,426
1540,95
1541,95
1542,426
1543,45
1544,95
1545,426
1546,95
1547,95
1548,426
1549,97
1550,95
1551,426
1552,95
1553,95
1554,95
1555,95
1556,95
1557,95
1558,95
1559,95
1560,95
1561,95
1562,95
1563,96
1564,95
1565,426
1566,95
1567,95
1568,426
1569,95
1570,95
1571,426
1572,102
1573,95
1574,426
1575,104
1576,95
1577,95
1578,99
1579,95
1580,95
1581,95
1582,95
1583,95
1584,95
1585,95
1586,95
1587,102
1588,95
1589,95
1590,95
1591,426
1592,95
1593,95
1594,426
1595,95
1596,116
1597,426
1598,95
1599,99
1600,95
1601,95
1602,95
1603,95
1604,95
1605,95
1606,95
1607,95
1608,102
1609,95
1610,95
1611,95
1612,95
1613,95
1614,95
1615,95
1616,95
1617,447
1618,95
1619,95
1620,430
1621,95
1622,95
1623,426
1624,95
1625,95
1626,95
1627,95
1628,95
1629,95
1630,95
1631,95
1632,95
1633,45
1634,96
1635,95
1636,95
1637,95
1638,95
1639,95
1640,99
1641,95
1642,95
1643,99
1644,95
1645,95
1646,95
1647,95
1648,95
1649,426
1650,95
1651,95
1652,433
1653,95
1654,95
1655,426
1656,95
1657,95
1658,426
1659,95
1660,95
1661,95
1662,95
1663,95
1664,95
1665,95
1666,95
1667,99
1668,95
1669,95
1670,97
1671,95
1672,95
1673,95
1674,95
1675,95
1676,95
1677,95
1678,426
1679,115
1680,95
1681,426
1682,99
1683,95
1684,426
1685,95
1686,95
1687,95
1688,95
1689,95
1690,95
1691,102
1692,95
1693,95
1694,95
1695,95
1696,95
1697,95
1698,95
1699,95
1700,116
1701,426
1702,95
1703,99
1704,426
1705,95
1706,95
1707,426
1708,95
1709,95
1710,426
1711,95
1712,102
1713,95
1714,95
1715,95
1716,95
1717,95
1718,95
1719,95
1720,95
1721,116
1722,95
1723,95
1724,99
1725,95
1726,95
1727,426
1728,95
1729,95
1730,426
1731,95
1732,95
1733,433
1734,95
1735,95
1736,426
1737,95
1738,95
1739,95
1740,95
1741,95
1742,95
1743,95
1744,95
1745,95
1746,95
1747,95
1748,99
1749,95
1750,95
1751,97
1752,95
1753,95
1754,95
1755,95
1756,426
1757,95
1758,95
1759,426
1760,115
1761,95
1762,426
1763,99
1764,95
1765,95
1766,95
1767,95
1768,95
1769,95
1770,95
1771,95
1772,102
1773,95
1774,95
1775,95
1776,95
1777,95
1778,95
1779,95
1780,95
1781,116
1782,426
1783,95
1784,99
1785,426
1786,95
1787,95
1788,426
1789,95
1790,95
1791,95
1792,95
1793,102
1794,95
1795,95
1796,95
1797,95
1798,95
1799,95
1800,95
1801,95
1802,116
1803,95
1804,95
1805,430
1806,95
1807,95
1808,426
1809,95
1810,95
1811,426
1812,95
1813,95
1814,426
1815,95
1816,95
1817,95
1818,95
1819,95
1820,97
1821,95
1822,95
1823,98
1824,95
1825,95
1826,95
1827,95
1828,95
1829,95
1830,95
1831,95
1832,102
1833,95
1834,426
1835,95
1836,95
1837,426
1838,95
1839,95
1840,426
1841,116
1842,95
1843,95
1844,99
1845,95
1846,95
1847,95
1848,95
1849,95
1850,95
1851,95
1852,95
1853,102
1854,95
1855,95
1856,95
1857,95
1858,95
1859,95
1860,426
1861,95
1862,116
1863,426
1864,95
1865,99
1866,426
1867,45
1868,95
1869,426
1870,95
1871,95
1872,426
1873,95
1874,95
1875,426
1876,95
1877,95
1878,95
1879,96
1880,95
1881,95
1882,95
1883,95
1884,95
1885,99
1886,95
1887,95
1888,99
1889,95
1890,95
1891,95
1892,426
1893,95
1894,95
1895,426
1896,95
1897,102
1898,426
1899,95
1900,95
1901,426
1902,95
1903,95
1904,95
1905,95
1906,116
1907,95
1908,95
1909,99
1910,95
1911,95
1912,95
1913,95
1914,95
1915,95
1916,95
1917,95
1918,433
1919,95
1920,95
1921,426
1922,95
1923,95
1924,426
1925,95
1926,95
1927,426
1928,95
1929,95
1930,95
1931,95
1932,95
1933,99
1934,95
1935,95
1936,97
1937,95
1938,95
1939,95
1940,95
1941,95
1942,95
1943,95
1944,95
1945,115
1946,95
1947,426
1948,99
1949,95
1950,426
1951,95
1952,95
1953,426
1954,95
1955,95
1956,426
1957,102
1958,95
1959,95
1960,95
1961,95
1962,95
1963,95
1964,95
1965,95
1966,116
1967,95
1968,95
1969,99
1970,426
1971,95
1972,95
1973,426
1974,95
1975,95
1976,426
1977,95
1978,102
1979,426
1980,95
1981,95
1982,95
1983,95
1984,95
1985,95
1986,95
1987,116
1988,95
1989,95
1990,426
1991,95
1992,95
1993,426
1994,102
1995,95
1996,426
1997,95
1998,95
1999,426
2000,95
2001,95
2002,95
2003,116
2004,95
2005,95
2006,99
2007,95
2008,95
2009,95
2010,95
2011,95
2012,95
2013,95
2014,95
2015,102
2016,426
2017,95
2018,95
2019,426
2020,95
2021,95
2022,426
2023,95
2024,116
2025,95
2026,95
2027,99
2028,95
2029,95
2030,95
2031,95
2032,95
2033,95
2034,95
2035,95
2036,102
2037,95
2038,95
2039,95
2040,95
2041,95
2042,426
2043,95
2044,95
2045,447
2046,95
2047,95
2048,426
2049,95
2050,95
2051,95
2052,95
2053,95
2054,95
2055,95
2056,95
2057,96
2058,95
2059,95
2060,95
2061,95
2062,95
2063,99
2064,95
2065,95
2066,99
2067,95
2068,426
2069,95
2070,95
2071,426
2072,95
2073,95
2074,426
2075,102
2076,95
2077,426
2078,95
2079,95
2080,95
2081,95
2082,95
2083,95
2084,116
2085,95
2086,95
2087,99
2088,95
2089,95
2090,95
2091,95
2092,95
2093,95
2094,426
2095,95
2096,102
2097,476
2098,95
2099,95
2100,112
2101,95
2102,95
2103,99
2104,95
2105,95
2106,95
2107,95
2108,95
2109,95
2110,95
2111,95
2112,102
2113,95
2114,426
2115,95
2116,95
2117,426
2118,95
2119,95
2120,426
2121,116
2122,95
2123,95
2124,99
2125,95
2126,95
2127,95
2128,95
2129,95
2130,95
2131,95
2132,95
2133,102
2134,95
2135,95
2136,95
2137,95
2138,95
2139,95
2140,426
2141,95
2142,116
2143,426
2144,95
2145,99
2146,426
2147,95
2148,95
2149,95
2150,95
2151,95
2152,95
2153,95
2154,102
2155,95
2156,95
2157,95
2158,95
2159,95
2160,95
2161,95
2162,95
2163,447
2164,95
2165,95
2166,430
2167,95
2168,95
2169,426
2170,95
2171,95
2172,426
2173,95
2174,95
2175,95
2176,95
2177,95
2178,95
2179,95
2180,95
2181,97
2182,95
2183,95
2184,98
2185,95
2186,95
2187,95
2188,95
2189,95
2190,95
2191,95
2192,426
2193,103
2194,95
2195,426
2196,95
2197,95
2198,426
2199,95
2200,95
2201,426
2202,116
2203,95
2204,95
2205,99
2206,95
2207,95
2208,95
2209,95
2210,95
2211,95
2212,95
2213,95
2214,102
2215,95
2216,95
2217,95
2218,426
2219,95
2220,95
2221,426
2222,95
2223,116
2224,426
2225,95
2226,99
2227,95
2228,95
2229,95
2230,95
2231,95
2232,95
2233,95
2234,95
2235,102
2236,95
2237,95
2238,95
2239,95
2240,95
2241,95
2242,95
2243,95
2244,447
2245,95
2246,95
2247,430
2248,95
2249,95
2250,426
2251,95
2252,95
2253,95
2254,95
2255,95
2256,95
2257,96
2258,95
2259,95
2260,112
2261,426
2262,95
2263,103
2264,426
2265,95
2266,95
2267,426
2268,95
2269,95
2270,426
2271,95
2272,103
2273,95
2274,95
2275,95
2276,95
2277,95
2278,95
2279,95
2280,95
2281,116
2282,95
2283,95
2284,99
2285,95
2286,95
2287,426
2288,95
2289,95
2290,426
2291,95
2292,95
2293,433
2294,95
2295,95
2296,426
2297,95
2298,95
2299,95
2300,95
2301,95
2302,95
2303,95
2304,95
2305,95
2306,95
2307,95
2308,99
2309,95
2310,95
2311,97
2312,95
2313,95
2314,95
2315,95
2316,426
2317,95
2318,95
2319,426
2320,115
2321,95
2322,426
2323,99
2324,95
2325,95
2326,95
2327,95
2328,95
2329,95
2330,95
2331,95
2332,102
2333,95
2334,95
2335,95
2336,95
2337,95
2338,95
2339,95
2340,95
2341,116
2342,426
2343,95
2344,99
2345,426
2346,95
2347,95
2348,426
2349,95
2350,95
2351,95
2352,95
2353,102
2354,95
2355,95
2356,95
2357,95
2358,95
2359,95
2360,95
2361,95
2362,116
2363,95
2364,95
2365,430
2366,95
2367,95
2368,426
2369,95
2370,95
2371,426
2372,95
2373,95
2374,426
2375,95
2376,95
2377,95
2378,95
2379,95
2380,45
2381,95
2382,95
2383,95
2384,95
2385,100
2386,95
2387,95
2388,99
2389,95
2390,95
2391,95
2392,95
2393,95
2394,95
2395,95
2396,95
2397,102
2398,95
2399,95
2400,426
2401,95
2402,95
2403,426
2404,95
2405,95
2406,447
2407,95
2408,95
2409,95
2410,95
2411,95
2412,95
2413,95
2414,95
2415,95
2416,95
2417,95
2418,96
2419,95
2420,95
2421,95
2422,95
2423,95
2424,99
2425,95
2426,426
2427,99
2428,95
2429,426
2430,45
2431,95
2432,430
2433,95
2434,95
2435,426
2436,95
2437,95
2438,426
2439,95
2440,95
2441,426
2442,95
2443,95
2444,95
2445,95
2446,95
2447,97
2448,95
2449,95
2450,98
2451,95
2452,95
2453,95
2454,95
2455,95
2456,95
2457,95
2458,95
2459,102
2460,95
2461,426
2462,95
2463,95
2464,426
2465,95
2466,95
2467,426
2468,116
2469,95
2470,95
2471,99
2472,95
2473,95
2474,95
2475,95
2476,95
2477,95
2478,95
2479,95
2480,102
2481,95
2482,95
2483,95
2484,95
2485,95
2486,95
2487,426
2488,95
2489,116
2490,426
2491,95
2492,99
2493,426
2494,95
2495,95
2496,95
2497,95
2498,95
2499,95
2500,95
2501,102
2502,95
2503,95
2504,95
2505,95
2506,95
2507,95
2508,95
2509,95
2510,447
2511,95
2512,95
2513,430
2514,95
2515,95
2516,426
2517,95
2518,95
2519,426
2520,95
2521,95
2522,95
2523,95
2524,95
2525,95
2526,95
2527,95
2528,97
2529,95
2530,95
2531,98
2532,95
2533,95
2534,95
2535,95
2536,95
2537,95
2538,95
2539,426
2540,103
2541,95
2542,426
2543,45
2544,95
2545,430
2546,95
2547,95
2548,426
2549,95
2550,95
2551,426
2552,95
2553,95
2554,426
2555,95
2556,95
2557,95
2558,95
2559,95
2560,99
2561,95
2562,95
2563,97
2564,95
2565,95
2566,95
2567,95
2568,95
2569,95
2570,95
2571,95
2572,116
2573,95
2574,426
2575,99
2576,95
2577,426
2578,95
2579,95
2580,426
2581,95
2582,95
2583,95
2584,102
2585,95
2586,95
2587,95
2588,95
2589,95
2590,95
2591,95
2592,95
2593,116
2594,95
2595,95
2596,99
2597,426
2598,95
2599,95
2600,426
2601,95
2602,95
2603,426
2604,95
2605,102
2606,426
2607,95
2608,95
2609,95
2610,95
2611,95
2612,95
2613,95
2614,116
2615,95
2616,95
2617,99
2618,95
2619,95
2620,95
2621,95
2622,95
2623,426
2624,95
2625,95
2626,434
2627,95
2628,95
2629,426
2630,95
2631,95
2632,426
2633,95
2634,95
2635,95
2636,95
2637,95
2638,95
2639,95
2640,95
2641,99
2642,95
2643,95
2644,97
2645,95
2646,95
2647,95
2648,95
2649,95
2650,95
2651,95
2652,426
2653,115
2654,95
2655,426
2656,99
2657,95
2658,426
2659,95
2660,95
2661,95
2662,95
2663,95
2664,95
2665,102
2666,95
2667,95
2668,95
2669,95
2670,95
2671,95
2672,95
2673,95
2674,112
2675,426
2676,95
2677,103
2678,426
2679,95
2680,95
2681,426
2682,95
2683,95
2684,426
2685,95
2686,103
2687,95
2688,95
2689,95
2690,95
2691,95
2692,95
2693,95
2694,95
2695,116
2696,95
2697,95
2698,99
2699,95
2700,95
2701,426
2702,95
2703,95
2704,426
2705,95
2706,95
2707,433
2708,95
2709,95
2710,426
2711,95
2712,95
2713,95
2714,95
2715,95
2716,95
2717,95
2718,95
2719,95
2720,95
2721,95
2722,99
2723,95
2724,95
2725,45
2726,95
2727,99
2728,95
2729,95
2730,97
2731,95
2732,95
2733,95
2734,95
2735,95
2736,426
2737,95
2738,95
2739,446
2740,95
2741,95
2742,426
2743,95
2744,95
2745,95
2746,95
2747,95
2748,95
2749,95
2750,95
2751,96
2752,95
2753,95
2754,95
2755,95
2756,95
2757,99
2758,95
2759,95
2760,99
2761,95
2762,426
2763,95
2764,95
2765,426
2766,95
2767,95
2768,426
2769,102
2770,95
2771,426
2772,95
2773,95
2774,95
2775,95
2776,95
2777,95
2778,116
2779,95
2780,95
2781,99
2782,95
2783,95
2784,95
2785,95
2786,95
2787,95
2788,426
2789,95
2790,102
2791,426
2792,95
2793,95
2794,426
2795,95
2796,95
2797,426
2798,95
2799,116
2800,95
2801,95
2802,99
2803,95
2804,95
2805,95
2806,95
2807,95
2808,95
2809,95
2810,95
2811,102
2812,95
2813,95
2814,426
2815,95
2816,95
2817,426
2818,95
2819,95
2820,447
2821,95
2822,95
2823,95
2824,95
2825,95
2826,95
2827,95
2828,95
2829,95
2830,95
2831,95
2832,96
2833,95
2834,95
2835,95
2836,95
2837,95
2838,99
2839,95
2840,426
2841,99
2842,95
2843,426
2844,95
2845,95
2846,426
2847,95
2848,95
2849,426
2850,102
2851,95
2852,95
2853,95
2854,95
2855,95
2856,95
2857,95
2858,95
2859,116
2860,95
2861,95
2862,99
2863,95
2864,95
2865,95
2866,426
2867,95
2868,95
2869,426
2870,95
2871,102
2872,426
2873,95
2874,95
2875,426
2876,95
2877,95
2878,95
2879,95
2880,116
2881,95
2882,95
2883,99
2884,95
2885,95
2886,95
2887,95
2888,95
2889,95
2890,95
2891,95
2892,433
2893,95
2894,95
2895,426
2896,95
2897,95
2898,426
2899,95
2900,95
2901,426
2902,95
2903,95
2904,95
2905,95
2906,95
2907,99
2908,95
2909,95
2910,97
2911,95
2912,95
2913,95
2914,95
2915,95
2916,95
2917,95
2918,95
2919,116
2920,95
2921,426
2922,99
2923,95
2924,426
2925,95
2926,95
2927,426
2928,95
2929,95
2930,95
2931,102
2932,95
2933,95
2934,95
2935,95
2936,95
2937,95
2938,95
2939,95
2940,116
2941,95
2942,95
2943,99
2944,426
2945,95
2946,95
2947,426
2948,95
2949,95
2950,426
2951,95
2952,102
2953,426
2954,95
2955,95
2956,95
2957,95
2958,95
2959,95
2960,95
2961,116
2962,95
2963,95
2964,99
2965,95
2966,95
2967,95
2968,95
2969,95
2970,426
2971,95
2972,95
2973,434
2974,95
2975,95
2976,426
2977,95
2978,95
2979,426
2980,95
2981,95
2982,95
2983,95
2984,95
2985,95
2986,95
2987,95
2988,99
2989,95
2990,95
2991,97
2992,95
2993,95
2994,95
2995,95
2996,95
2997,95
2998,95
2999,45
3000,95
3001,95
3002,95
3003,95
3004,95
3005,426
3006,95
3007,95
3008,426
3009,95
3010,95
3011,426
3012,95
3013,95
3014,426
3015,95
3016,95
3017,426
3018,95
3019,95
3020,95
3021,95
3022,95
3023,95
3024,100
3025,95
3026,95
3027,95
3028,95
3029,95
3030,95
3031,95
3032,95
3033,103
3034,426
3035,95
3036,104
3037,426
3038,95
3039,99
3040,426
3041,95
3042,95
3043,426
3044,95
3045,95
3046,95
3047,95
3048,102
3049,95
3050,95
3051,95
3052,95
3053,95
3054,95
3055,95
3056,95
3057,116
3058,95
3059,95
3060,430
3061,95
3062,95
3063,426
3064,95
3065,95
3066,426
3067,95
3068,95
3069,426
3070,95
3071,95
3072,95
3073,95
3074,95
3075,97
3076,95
3077,95
3078,98
3079,95
3080,95
3081,95
3082,95
3083,95
3084,95
3085,95
3086,95
3087,102
3088,95
3089,426
3090,95
3091,95
3092,426
3093,95
3094,95
3095,426
3096,116
3097,95
3098,95
3099,99
3100,95
3101,95
3102,95
3103,95
3104,95
3105,95
3106,95
3107,45
3108,95
3109,95
3110,95
3111,95
3112,95
3113,96
3114,95
3115,95
3116,95
3117,95
3118,95
3119,99
3120,95
3121,426
3122,99
3123,95
3124,426
3125,95
3126,95
3127,426
3128,95
3129,95
3130,426
3131,102
3132,95
3133,95
3134,95
3135,95
3136,95
3137,95
3138,95
3139,95
3140,116
3141,95
3142,95
3143,99
3144,95
3145,95
3146,95
3147,426
3148,95
3149,95
3150,426
3151,95
3152,102
3153,426
3154,95
3155,95
3156,426
3157,95
3158,95
3159,95
3160,95
3161,116
3162,95
3163,95
3164,99
3165,95
3166,95
3167,95
3168,95
3169,45
3170,95
3171,107
3172,95
3173,95
3174,99
3175,95
3176,426
3177,95
3178,95
3179,426
3180,95
3181,95
3182,426
3183,102
3184,95
3185,426
3186,95
3187,95
3188,95
3189,95
3190,95
3191,95
3192,116
3193,95
3194,95
3195,99
3196,95
3197,95
3198,95
3199,95
3200,95
3201,95
3202,426
3203,95
3204,102
3205,426
3206,95
3207,95
3208,426
3209,95
3210,95
3211,426
3212,95
3213,116
3214,95
3215,95
3216,99
3217,95
3218,95
3219,95
3220,95
3221,95
3222,95
3223,95
3224,95
3225,102
3226,95
3227,95
3228,426
3229,95
3230,95
3231,426
3232,95
3233,95
3234,95
3235,95
3236,100
3237,95
3238,45
3239,95
3240,99
3241,95
3242,95
3243,95
3244,95
3245,95
3246,95
3247,95
3248,95
3249,103
3250,95
3251,95
3252,104
3253,95
3254,426
3255,99
3256,95
3257,426
3258,95
3259,95
3260,426
3261,95
3262,95
3263,426
3264,102
3265,95
3266,95
3267,95
3268,95
3269,95
3270,95
3271,95
3272,95
3273,116
3274,95
3275,95
3276,99
3277,95
3278,95
3279,95
3280,426
3281,95
3282,95
3283,426
3284,95
3285,102
3286,426
3287,95
3288,95
3289,426
3290,95
3291,95
3292,95
3293,95
3294,116
3295,95
3296,95
3297,99
3298,95
3299,95
3300,95
3301,95
3302,95
3303,95
3304,95
3305,95
3306,433
3307,95
3308,95
3309,426
3310,95
3311,95
3312,426
3313,95
3314,95
3315,426
3316,95
3317,95
3318,95
3319,95
3320,95
3321,99
3322,95
3323,95
3324,97
3325,95
3326,95
3327,95
3328,95
3329,95
3330,95
3331,95
3332,95
3333,115
3334,95
3335,426
3336,99
3337,95
3338,426
3339,95
3340,95
3341,426
3342,95
3343,95
3344,426
3345,102
3346,95
3347,95
3348,95
3349,95
3350,95
3351,95
3352,95
3353,95
3354,116
3355,95
3356,95
3357,99
3358,426
3359,95
3360,95
3361,426
3362,95
3363,95
3364,426
3365,95
3366,102
3367,426
3368,95
3369,95
3370,95
3371,95
3372,95
3373,95
3374,95
3375,116
3376,95
3377,95
3378,99
3379,95
3380,95
3381,95
3382,95
3383,95
3384,426
3385,95
3386,95
3387,433
3388,95
3389,95
3390,426
3391,95
3392,95
3393,426
3394,95
3395,95
3396,95
3397,95
3398,95
3399,95
3400,95
3401,95
3402,99
3403,95
3404,95
3405,97
3406,95
3407,95
3408,95
3409,95
3410,95
3411,95
3412,95
3413,426
3414,115
3415,95
3416,426
3417,99
3418,95
3419,426
3420,95
3421,95
3422,95
3423,95
3424,95
3425,95
3426,102
3427,95
3428,95
3429,95
3430,95
3431,95
3432,95
3433,95
3434,95
3435,116
3436,426
3437,95
3438,99
3439,426
3440,95
3441,95
3442,426
3443,95
3444,95
3445,426
3446,95
3447,102
3448,95
3449,95
3450,95
3451,95
3452,95
3453,95
3454,95
3455,95
3456,116
3457,95
3458,95
3459,426
3460,95
3461,95
3462,426
3463,102
3464,95
3465,426
3466,95
3467,95
3468,95
3469,95
3470,95
3471,95
3472,116
3473,95
3474,95
3475,99
3476,95
3477,95
3478,95
3479,95
3480,95
3481,95
3482,426
3483,45
3484,95
3485,95
3486,95
3487,95
3488,426
3489,96
3490,95
3491,426
3492,95
3493,95
3494,426
3495,45
3496,95
3497,426
3498,95
3499,95
3500,434
3501,95
3502,95
3503,430
3504,95
3505,95
3506,95
3507,95
3508,95
3509,95
3510,95
3511,95
3512,95
3513,95
3514,95
3515,95
3516,95
3517,95
3518,97
3519,95
3520,95
3521,98
3522,95
3523,426
3524,95
3525,95
3526,426
3527,95
3528,95
3529,426
3530,102
3531,95
3532,426
3533,95
3534,95
3535,95
3536,95
3537,95
3538,95
3539,116
3540,95
3541,95
3542,99
3543,95
3544,95
3545,95
3546,95
3547,95
3548,95
3549,426
3550,95
3551,102
3552,426
3553,95
3554,95
3555,426
3556,95
3557,95
3558,426
3559,95
3560,116
3561,95
3562,95
3563,99
3564,95
3565,95
3566,95
3567,95
3568,95
3569,95
3570,95
3571,95
3572,102
3573,95
3574,95
3575,426
3576,95
3577,95
3578,426
3579,95
3580,95
3581,447
3582,95
3583,95
3584,426
3585,95
3586,95
3587,95
3588,95
3589,95
3590,95
3591,95
3592,95
3593,96
3594,95
3595,95
3596,95
3597,95
3598,95
3599,99
3600,95
3601,426
3602,99
3603,95
3604,426
3605,95
3606,95
3607,426
3608,95
3609,95
3610,426
3611,102
3612,95
3613,95
3614,95
3615,95
3616,95
3617,95
3618,95
3619,95
3620,116
3621,95
3622,95
3623,99
3624,95
3625,95
3626,95
3627,426
3628,95
3629,95
3630,426
3631,95
3632,102
3633,426
3634,95
3635,95
3636,426
3637,95
3638,95
3639,95
3640,95
3641,116
3642,95
3643,95
3644,99
3645,95
3646,95
3647,95
3648,95
3649,95
3650,95
3651,95
3652,95
3653,433
3654,95
3655,95
3656,426
3657,95
3658,95
3659,426
3660,95
3661,95
3662,426
3663,95
3664,95
3665,95
3666,95
3667,95
3668,99
3669,95
3670,95
3671,97
3672,95
3673,95
3674,95
3675,95
3676,95
3677,95
3678,95
3679,95
3680,115
3681,95
3682,426
3683,99
3684,95
3685,426
3686,95
3687,95
3688,426
3689,95
3690,95
3691,426
3692,102
3693,95
3694,95
3695,95
3696,95
3697,95
3698,95
3699,95
3700,95
3701,116
3702,95
3703,95
3704,99
3705,426
3706,95
3707,95
3708,426
3709,95
3710,95
3711,426
3712,95
3713,102
3714,426
3715,95
3716,95
3717,95
3718,95
3719,95
3720,95
3721,95
3722,116
3723,95
3724,95
3725,99
3726,95
3727,95
3728,95
3729,95
3730,95
3731,426
3732,95
3733,95
3734,433
3735,95
3736,95
3737,426
3738,95
3739,95
3740,426
3741,95
3742,95
3743,95
3744,95
3745,95
3746,95
3747,95
3748,95
3749,99
3750,95
3751,95
3752,97
3753,95
3754,95
3755,95
3756,95
3757,95
3758,95
3759,95
3760,426
3761,115
3762,95
3763,426
3764,99
3765,95
3766,426
3767,95
3768,95
3769,95
3770,95
3771,95
3772,95
3773,102
3774,95
3775,95
3776,95
3777,95
3778,95
3779,95
3780,95
3781,95
3782,116
3783,426
3784,95
3785,99
3786,426
3787,95
3788,95
3789,426
3790,95
3791,95
3792,426
3793,95
3794,102
3795,95
3796,95
3797,95
3798,95
3799,95
3800,95
3801,95
3802,95
3803,116
3804,95
3805,95
3806,426
3807,95
3808,95
3809,426
3810,102
3811,95
3812,426
3813,95
3814,95
3815,95
3816,95
3817,95
3818,95
3819,116
3820,95
3821,95
3822,99
3823,95
3824,95
3825,95
3826,95
3827,95
3828,95
3829,426
3830,95
3831,102
3832,426
3833,95
3834,95
3835,426
3836,95
3837,95
3838,426
3839,95
3840,116
3841,95
3842,95
3843,99
3844,95
3845,95
3846,95
3847,45
3848,95
3849,95
3850,107
3851,95
3852,95
3853,99
3854,95
3855,95
3856,95
3857,95
3858,95
3859,95
3860,95
3861,426
3862,102
3863,95
3864,426
3865,95
3866,95
3867,426
3868,95
3869,95
3870,426
3871,116
3872,95
3873,95
3874,99
3875,95
3876,95
3877,95
3878,95
3879,95
3880,95
3881,95
3882,95
3883,102
3884,426
3885,95
3886,95
3887,426
3888,95
3889,95
3890,426
3891,95
3892,116
3893,426
3894,95
3895,99
3896,95
3897,95
3898,95
3899,95
3900,95
3901,95
3902,95
3903,95
3904,97
3905,95
3906,95
3907,95
3908,95
3909,95
3910,95
3911,95
3912,95
3913,426
3914,95
3915,95
3916,426
3917,95
3918,95
3919,426
3920,95
3921,95
3922,426
3923,95
3924,95
3925,95
3926,95
3927,95
3928,95
3929,95
3930,95
3931,95
3932,102
3933,95
3934,95
3935,95
3936,95
3937,95
3938,95
3939,95
3940,95
3941,103
3942,426
3943,95
3944,104
3945,426
3946,95
3947,99
3948,426
3949,95
3950,95
3951,95
3952,95
3953,45
3954,426
3955,95
3956,95
3957,426
3958,95
3959,95
3960,95
3961,96
3962,95
3963,95
3964,95
3965,95
3966,95
3967,99
3968,95
3969,95
3970,45
3971,95
3972,95
3973,95
3974,95
3975,95
3976,95
3977,95
3978,95
3979,95
3980,95
3981,95
3982,95
3983,426
3984,99
3985,95
3986,426
3987,95
3988,95
3989,426
3990,100
3991,95
3992,426
3993,99
3994,95
3995,95
3996,95
3997,95
3998,95
3999,95
4000,95
4001,95
4002,102
4003,95
4004,95
4005,95
4006,95
4007,95
4008,95
4009,426
4010,95
4011,116
4012,426
4013,95
4014,99
4015,426
4016,95
4017,95
4018,426
4019,95
4020,95
4021,95
4022,95
4023,102
4024,95
4025,95
4026,95
4027,95
4028,95
4029,95
4030,95
4031,95
4032,447
4033,95
4034,95
4035,430
4036,95
4037,95
4038,426
4039,95
4040,95
4041,426
4042,95
4043,95
4044,426
4045,95
4046,95
4047,95
4048,95
4049,95
4050,97
4051,95
4052,95
4053,98
4054,95
4055,95
4056,95
4057,95
4058,95
4059,95
4060,95
4061,95
4062,102
4063,95
4064,476
4065,95
4066,95
4067,95
4068,95
4069,95
4070,95
4071,95
4072,95
4073,100
4074,95
4075,95
4076,95
4077,95
4078,95
4079,100
4080,45
4081,95
4082,95
4083,95
4084,99
4085,95
4086,95
4087,99
4088,45
4089,95
4090,95
4091,99
4092,95
4093,95
4094,103
4095,95
4096,426
4097,99
4098,95
4099,426
4100,95
4101,95
4102,426
4103,95
4104,95
4105,426
4106,102
4107,95
4108,95
4109,95
4110,95
4111,95
4112,95
4113,95
4114,95
4115,116
4116,95
4117,95
4118,99
4119,95
4120,95
4121,45
4122,95
4123,95
4124,95
4125,95
4126,95
4127,95
4128,426
4129,95
4130,95
4131,426
4132,96
4133,95
4134,426
4135,95
4136,95
4137,426
4138,99
4139,95
4140,95
4141,99
4142,95
4143,95
4144,95
4145,95
4146,95
4147,95
4148,95
4149,95
4150,102
4151,95
4152,95
4153,95
4154,95
4155,95
4156,95
4157,426
4158,95
4159,116
4160,426
4161,95
4162,99
4163,426
4164,95
4165,95
4166,95
4167,95
4168,95
4169,95
4170,95
4171,102
4172,95
4173,95
4174,95
4175,95
4176,95
4177,95
4178,95
4179,95
4180,447
4181,95
4182,95
4183,430
4184,95
4185,95
4186,426
4187,95
4188,95
4189,426
4190,95
4191,95
4192,45
4193,95
4194,95
4195,426
4196,95
4197,96
4198,95
4199,95
4200,95
4201,95
4202,95
4203,99
4204,95
4205,95
4206,99
4207,95
4208,95
4209,95
4210,95
4211,95
4212,95
4213,95
4214,95
4215,433
4216,95
4217,95
4218,426
4219,95
4220,95
4221,426
4222,95
4223,95
4224,426
4225,95
4226,95
4227,95
4228,95
4229,95
4230,99
4231,95
4232,95
4233,97
4234,95
4235,95
4236,95
4237,95
4238,95
4239,95
4240,95
4241,95
4242,115
4243,95
4244,426
4245,99
4246,95
4247,426
4248,95
4249,95
4250,426
4251,95
4252,95
4253,95
4254,45
4255,95
4256,426
4257,95
4258,95
4259,96
4260,95
4261,95
4262,95
4263,95
4264,95
4265,99
4266,95
4267,95
4268,99
4269,95
4270,95
4271,95
4272,95
4273,95
4274,95
4275,95
4276,426
4277,103
4278,95
4279,426
4280,95
4281,95
4282,426
4283,95
4284,95
4285,426
4286,116
4287,95
4288,95
4289,99
4290,95
4291,95
4292,95
4293,95
4294,95
4295,95
4296,95
4297,95
4298,102
4299,95
4300,95
4301,95
4302,426
4303,95
4304,95
4305,426
4306,95
4307,116
4308,426
4309,95
4310,99
4311,95
4312,95
4313,95
4314,95
4315,95
4316,95
4317,95
4318,95
4319,102
4320,95
4321,95
4322,95
4323,95
4324,95
4325,95
4326,95
4327,95
4328,447
4329,95
4330,95
4331,430
4332,95
4333,95
4334,426
4335,95
4336,95
4337,95
4338,95
4339,95
4340,95
4341,95
4342,95
4343,95
4344,95
4345,95
4346,97
4347,95
4348,95
4349,98
4350,95
4351,95
4352,95
4353,95
4354,426
4355,95
4356,95
4357,426
4358,102
4359,95
4360,426
4361,95
4362,95
4363,426
4364,95
4365,95
4366,95
4367,116
4368,95
4369,95
4370,99
4371,95
4372,95
4373,95
4374,95
4375,95
4376,95
4377,95
4378,95
4379,102
4380,426
4381,95
4382,95
4383,426
4384,95
4385,95
4386,426
4387,95
4388,116
4389,95
4390,95
4391,99
4392,95
4393,95
4394,95
4395,95
4396,95
4397,95
4398,95
4399,95
4400,102
4401,95
4402,95
4403,95
4404,95
4405,95
4406,426
4407,95
4408,95
4409,447
4410,95
4411,95
4412,426
4413,95
4414,95
4415,95
4416,95
4417,95
4418,95
4419,95
4420,95
4421,96
4422,95
4423,95
4424,95
4425,95
4426,95
4427,99
4428,95
4429,95
4430,99
4431,95
4432,426
4433,95
4434,95
4435,426
4436,95
4437,95
4438,426
4439,102
4440,95
4441,426
4442,95
4443,95
4444,95
4445,95
4446,95
4447,95
4448,116
4449,95
4450,95
4451,99
4452,95
4453,95
4454,45
4455,95
4456,95
4457,95
4458,95
4459,95
4460,95
4461,95
4462,95
4463,95
4464,426
4465,96
4466,95
4467,426
4468,95
4469,95
4470,426
4471,99
4472,95
4473,426
4474,99
4475,95
4476,95
4477,95
4478,95
4479,95
4480,95
4481,95
4482,95
4483,102
4484,95
4485,95
4486,95
4487,95
4488,95
4489,95
4490,95
4491,95
4492,116
4493,426
4494,95
4495,99
4496,426
4497,95
4498,95
4499,426
4500,95
4501,95
4502,95
4503,95
4504,102
4505,95
4506,95
4507,95
4508,95
4509,95
4510,95
4511,95
4512,95
4513,116
4514,95
4515,95
4516,430
4517,95
4518,95
4519,426
4520,95
4521,95
4522,426
4523,95
4524,95
4525,426
4526,95
4527,95
4528,95
4529,95
4530,95
4531,97
4532,95
4533,95
4534,98
4535,95
4536,95
4537,95
4538,95
4539,95
4540,95
4541,95
4542,95
4543,102
4544,95
4545,426
4546,95
4547,95
4548,426
4549,95
4550,95
4551,426
4552,116
4553,95
4554,95
4555,99
4556,95
4557,95
4558,95
4559,95
4560,95
4561,95
4562,95
4563,95
4564,102
4565,95
4566,95
4567,95
4568,95
4569,95
4570,95
4571,426
4572,95
4573,116
4574,426
4575,95
4576,99
4577,426
4578,95
4579,95
4580,95
4581,95
4582,95
4583,95
4584,95
4585,102
4586,95
4587,95
4588,95
4589,95
4590,95
4591,95
4592,95
4593,95
4594,447
4595,95
4596,95
4597,430
4598,95
4599,95
4600,426
4601,95
4602,95
4603,426
4604,95
4605,95
4606,95
4607,95
4608,95
4609,95
4610,95
4611,95
4612,97
4613,95
4614,95
4615,98
4616,95
4617,95
4618,95
4619,95
4620,95
4621,95
4622,95
4623,426
4624,103
4625,95
4626,426
4627,95
4628,95
4629,426
4630,95
4631,95
4632,426
4633,116
4634,95
4635,95
4636,99
4637,95
4638,95
4639,95
4640,95
4641,95
4642,95
4643,95
4644,95
4645,102
4646,95
4647,95
4648,95
4649,426
4650,95
4651,95
4652,426
4653,95
4654,116
4655,426
4656,95
4657,99
4658,95
4659,95
4660,95
4661,95
4662,95
4663,95
4664,95
4665,95
4666,45
4667,95
4668,95
4669,95
4670,95
4671,96
4672,95
4673,95
4674,95
4675,45
4676,95
4677,95
4678,95
4679,95
4680,95
4681,95
4682,95
4683,95
4684,95
4685,95
4686,95
4687,95
4688,95
4689,95
4690,426
4691,95
4692,95
4693,426
4694,103
4695,95
4696,426
4697,95
4698,95
4699,426
4700,100
4701,95
4702,95
4703,99
4704,95
4705,95
4706,95
4707,95
4708,95
4709,95
4710,95
4711,95
4712,102
4713,95
4714,95
4715,95
4716,426
4717,95
4718,95
4719,426
4720,95
4721,116
4722,426
4723,95
4724,99
4725,95
4726,95
4727,95
4728,95
4729,95
4730,95
4731,95
4732,95
4733,102
4734,95
4735,95
4736,95
4737,95
4738,95
4739,95
4740,95
4741,95
4742,447
4743,95
4744,95
4745,430
4746,95
4747,95
4748,426
4749,95
4750,45
4751,426
4752,107
4753,95
4754,426
4755,99
4756,95
4757,95
4758,95
4759,95
4760,95
4761,95
4762,95
4763,95
4764,102
4765,95
4766,95
4767,95
4768,95
4769,95
4770,95
4771,95
4772,95
4773,116
4774,426
4775,95
4776,99
4777,426
4778,95
4779,95
4780,426
4781,95
4782,95
4783,95
4784,95
4785,102
4786,95
4787,95
4788,95
4789,95
4790,95
4791,95
4792,95
4793,95
4794,116
4795,95
4796,95
4797,430
4798,95
4799,95
4800,426
4801,95
4802,95
4803,426
4804,95
4805,95
4806,426
4807,95
4808,95
4809,95
4810,95
4811,95
4812,97
4813,95
4814,95
4815,98
4816,95
4817,95
4818,95
4819,95
4820,95
4821,95
4822,95
4823,95
4824,102
4825,95
4826,426
4827,95
4828,95
4829,426
4830,95
4831,95
4832,426
4833,116
4834,95
4835,95
4836,99
4837,95
4838,95
4839,95
4840,95
4841,95
4842,95
4843,95
4844,95
4845,102
4846,95
4847,95
4848,95
4849,95
4850,95
4851,95
4852,45
4853,45
4854,103
4855,95
4856,95
4857,95
4858,95
4859,95
4860,95
4861,95
4862,95
4863,95
4864,426
4865,95
4866,95
4867,426
4868,95
4869,95
4870,430
4871,95
4872,95
4873,426
4874,95
4875,95
4876,95
4877,95
4878,95
4879,95
4880,95
4881,95
4882,95
4883,95
4884,95
4885,95
4886,95
4887,95
4888,95
4889,95
4890,95
4891,101
4892,95
4893,426
4894,95
4895,95
4896,426
4897,95
4898,95
4899,426
4900,116
4901,95
4902,95
4903,99
4904,95
4905,95
4906,95
4907,95
4908,95
4909,95
4910,95
4911,95
4912,102
4913,95
4914,95
4915,95
4916,95
4917,95
4918,95
4919,426
4920,95
4921,116
4922,426
4923,95
4924,99
4925,426
4926,95
4927,95
4928,95
4929,95
4930,95
4931,95
4932,95
4933,102
4934,95
4935,95
4936,95
4937,95
4938,95
4939,95
4940,95
4941,95
4942,447
4943,95
4944,95
4945,430
4946,95
4947,95
4948,426
4949,95
4950,95
4951,426
4952,95
4953,95
4954,95
4955,45
4956,95
4957,426
4958,95
4959,96
4960,95
4961,95
4962,95
4963,95
4964,95
4965,99
4966,95
4967,95
4968,99
4969,95
4970,95
4971,95
4972,95
4973,95
4974,95
4975,95
4976,95
4977,433
4978,95
4979,95
4980,426
4981,95
4982,95
4983,426
4984,95
4985,95
4986,426
4987,95
4988,95
4989,95
4990,95
4991,95
4992,99
4993,95
4994,95
4995,97
4996,95
4997,95
4998,95
4999,95
5000,95
5001,95
5002,95
5003,95
5004,116
5005,95
5006,426
5007,99
5008,95
5009,426
5010,95
5011,95
5012,426
5013,95
5014,95
5015,95
5016,95
5017,95
5018,95
5019,95
5020,95
5021,96
5022,95
5023,95
5024,95
5025,95
5026,426
5027,95
5028,95
5029,45
5030,95
5031,95
5032,426
5033,95
5034,95
5035,426
5036,95
5037,95
5038,446
5039,95
5040,95
5041,426
5042,95
5043,95
5044,95
5045,95
5046,95
5047,95
5048,95
5049,95
5050,96
5051,95
5052,95
5053,95
5054,95
5055,95
5056,99
5057,95
5058,95
5059,99
5060,95
5061,426
5062,95
5063,95
5064,426
5065,95
5066,95
5067,426
5068,102
5069,95
5070,426
5071,95
5072,95
5073,95
5074,95
5075,95
5076,95
5077,116
5078,95
5079,95
5080,99
5081,95
5082,95
5083,95
5084,95
5085,95
5086,95
5087,426
5088,95
5089,102
5090,426
5091,95
5092,95
5093,426
5094,95
5095,45
5096,45
5097,95
5098,103
5099,426
5100,95
5101,95
5102,426
5103,95
5104,95
5105,426
5106,95
5107,95
5108,426
5109,95
5110,95
5111,95
5112,95
5113,95
5114,95
5115,95
5116,95
5117,95
5118,95
5119,95
5120,95
5121,95
5122,95
5123,95
5124,95
5125,95
5126,98
5127,95
5128,426
5129,95
5130,95
5131,45
5132,95
5133,95
5134,426
5135,95
5136,95
5137,426
5138,95
5139,95
5140,426
5141,95
5142,95
5143,426
5144,95
5145,45
5146,426
5147,95
5148,96
5149,426
5150,95
5151,103
5152,95
5153,45
5154,95
5155,426
5156,95
5157,95
5158,433
5159,95
5160,95
5161,104
5162,95
5163,95
5164,99
5165,95
5166,95
5167,95
5168,95
5169,95
5170,95
5171,95
5172,95
5173,102
5174,95
5175,426
5176,95
5177,95
5178,426
5179,95
5180,95
5181,426
5182,116
5183,95
5184,95
5185,99
5186,95
5187,95
5188,95
5189,95
5190,95
5191,95
5192,95
5193,95
5194,102
5195,95
5196,95
5197,95
5198,95
5199,95
5200,95
5201,426
5202,95
5203,116
5204,426
5205,95
5206,99
5207,426
5208,95
5209,95
5210,95
5211,95
5212,95
5213,95
5214,95
5215,102
5216,95
5217,95
5218,95
5219,95
5220,95
5221,95
5222,95
5223,95
5224,447
5225,95
5226,95
5227,430
5228,95
5229,95
5230,426
5231,95
5232,95
5233,376
5234,107
5235,95
5236,426
5237,99
5238,95
5239,95
5240,95
5241,95
5242,95
5243,95
5244,95
5245,95
5246,102
5247,95
5248,95
5249,95
5250,95
5251,95
5252,95
5253,95
5254,95
5255,116
5256,426
5257,95
5258,99
5259,426
5260,95
5261,95
5262,426
5263,95
5264,95
5265,95
5266,95
5267,102
5268,95
5269,95
5270,95
5271,95
5272,95
5273,95
5274,95
5275,95
5276,116
5277,95
5278,95
5279,430
5280,95
5281,95
5282,426
5283,95
5284,95
5285,426
5286,95
5287,95
5288,95
5289,95
5290,95
5291,95
5292,95
5293,96
5294,95
5295,95
5296,95
5297,95
5298,95
5299,95
5300,95
5301,95
5302,433
5303,95
5304,95
5305,426
5306,99
5307,95
5308,95
5309,95
5310,95
5311,95
5312,95
5313,95
5314,95
5315,95
5316,95
5317,95
5318,95
5319,95
5320,95
5321,95
5322,95
5323,95
5324,95
5325,432
5326,95
5327,95
5328,426
5329,95
5330,45
5331,426
5332,95
5333,95
5334,426
5335,95
5336,95
5337,426
5338,95
5339,97
5340,426
5341,95
5342,95
5343,95
5344,95
5345,95
5346,95
5347,95
5348,102
5349,95
5350,95
5351,95
5352,95
5353,95
5354,95
5355,95
5356,95
5357,447
5358,95
5359,95
5360,430
5361,95
5362,95
5363,426
5364,95
5365,95
5366,426
5367,95
5368,95
5369,95
5370,95
5371,95
5372,95
5373,95
5374,95
5375,97
5376,95
5377,95
5378,98
5379,95
5380,95
5381,95
5382,95
5383,95
5384,95
5385,95
5386,426
5387,102
5388,95
5389,426
5390,95
5391,95
5392,426
5393,95
5394,95
5395,426
5396,116
5397,95
5398,95
5399,99
5400,95
5401,95
5402,95
5403,95
5404,95
5405,95
5406,95
5407,95
5408,102
5409,95
5410,95
5411,95
5412,426
5413,95
5414,95
5415,426
5416,95
5417,116
5418,426
5419,95
5420,99
5421,95
5422,95
5423,95
5424,95
5425,95
5426,95
5427,95
5428,95
5429,102
5430,95
5431,45
5432,95
5433,99
5434,95
5435,95
5436,95
5437,95
5438,95
5439,95
5440,95
5441,95
5442,95
5443,95
5444,426
5445,95
5446,95
5447,426
5448,95
5449,99
5450,426
5451,95
5452,97
5453,426
5454,95
5455,95
5456,95
5457,95
5458,95
5459,95
5460,95
5461,115
5462,95
5463,95
5464,99
5465,95
5466,95
5467,95
5468,95
5469,95
5470,426
5471,95
5472,95
5473,433
5474,95
5475,95
5476,426
5477,95
5478,95
5479,426
5480,95
5481,95
5482,95
5483,95
5484,95
5485,95
5486,95
5487,95
5488,99
5489,95
5490,95
5491,97
5492,95
5493,95
5494,95
5495,95
5496,95
5497,95
5498,95
5499,426
5500,115
5501,95
5502,426
5503,99
5504,95
5505,426
5506,95
5507,95
5508,95
5509,95
5510,95
5511,95
5512,102
5513,95
5514,95
5515,95
5516,95
5517,95
5518,95
5519,95
5520,95
5521,116
5522,426
5523,95
5524,99
5525,426
5526,95
5527,95
5528,426
5529,95
5530,95
5531,426
5532,95
5533,102
5534,95
5535,95
5536,95
5537,95
5538,95
5539,95
5540,95
5541,95
5542,116
5543,95
5544,95
5545,99
5546,102
5547,95
5548,426
5549,95
5550,95
5551,426
5552,95
5553,95
5554,95
5555,103
5556,95
5557,95
5558,104
5559,95
5560,95
5561,99
5562,95
5563,95
5564,95
5565,95
5566,95
5567,95
5568,426
5569,95
5570,102
5571,426
5572,95
5573,95
5574,426
5575,95
5576,95
5577,426
5578,95
5579,116
5580,95
5581,95
5582,99
5583,95
5584,95
5585,95
5586,95
5587,95
5588,95
5589,95
5590,95
5591,102
5592,95
5593,95
5594,426
5595,95
5596,95
5597,426
5598,95
5599,95
5600,447
5601,95
5602,95
5603,95
5604,95
5605,95
5606,95
5607,95
5608,95
5609,95
5610,95
5611,95
5612,96
5613,95
5614,95
5615,95
5616,95
5617,95
5618,99
5619,95
5620,426
5621,99
5622,95
5623,426
5624,95
5625,95
5626,426
5627,95
5628,95
5629,426
5630,102
5631,95
5632,95
5633,95
5634,95
5635,95
5636,95
5637,95
5638,95
5639,116
5640,95
5641,95
5642,99
5643,95
5644,95
5645,95
5646,426
5647,95
5648,95
5649,426
5650,95
5651,102
5652,426
5653,95
5654,95
5655,426
5656,95
5657,95
5658,95
5659,95
5660,116
5661,95
5662,95
5663,99
5664,95
5665,95
5666,95
5667,95
5668,95
5669,95
5670,95
5671,95
5672,433
5673,95
5674,95
5675,426
5676,95
5677,95
5678,426
5679,95
5680,95
5681,426
5682,95
5683,95
5684,95
5685,95
5686,95
5687,99
5688,95
5689,95
5690,97
5691,95
5692,95
5693,95
5694,95
5695,95
5696,95
5697,95
5698,95
5699,116
5700,95
5701,426
5702,99
5703,95
5704,376
5705,95
5706,95
5707,430
5708,95
5709,95
5710,426
5711,95
5712,95
5713,426
5714,95
5715,95
5716,95
5717,95
5718,95
5719,95
5720,95
5721,95
5722,97
5723,95
5724,95
5725,98
5726,95
5727,95
5728,95
5729,95
5730,95
5731,95
5732,95
5733,426
5734,102
5735,45
5736,103
5737,95
5738,95
5739,426
5740,95
5741,95
5742,426
5743,95
5744,95
5745,434
5746,95
5747,95
5748,426
5749,95
5750,95
5751,95
5752,95
5753,95
5754,95
5755,95
5756,95
5757,95
5758,95
5759,95
5760,99
5761,95
5762,95
5763,97
5764,95
5765,95
5766,103
5767,95
5768,426
5769,99
5770,95
5771,426
5772,95
5773,45
5774,430
5775,95
5776,95
5777,426
5778,95
5779,95
5780,426
5781,95
5782,95
5783,426
5784,95
5785,95
5786,95
5787,95
5788,95
5789,97
5790,95
5791,95
5792,98
5793,95
5794,95
5795,95
5796,95
5797,95
5798,45
5799,95
5800,95
5801,95
5802,95
5803,95
5804,95
5805,95
5806,95
5807,95
5808,95
5809,426
5810,95
5811,95
5812,426
5813,95
5814,95
5815,426
5816,95
5817,95
5818,430
5819,95
5820,95
5821,95
5822,95
5823,95
5824,95
5825,95
5826,95
5827,95
5828,95
5829,95
5830,95
5831,95
5832,95
5833,95
5834,99
5835,95
5836,95
5837,97
5838,426
5839,95
5840,95
5841,426
5842,95
5843,95
5844,426
5845,95
5846,115
5847,95
5848,95
5849,99
5850,95
5851,95
5852,95
5853,95
5854,95
5855,95
5856,95
5857,95
5858,102
5859,95
5860,95
5861,95
5862,95
5863,95
5864,426
5865,95
5866,95
5867,447
5868,95
5869,95
5870,426
5871,95
5872,95
5873,95
5874,95
5875,95
5876,95
5877,95
5878,95
5879,96
5880,95
5881,95
5882,95
5883,95
5884,95
5885,99
5886,95
5887,95
5888,99
5889,95
5890,426
5891,95
5892,95
5893,426
5894,95
5895,95
5896,426
5897,102
5898,95
5899,426
5900,95
5901,45
5902,430
5903,95
5904,95
5905,426
5906,95
5907,95
5908,95
5909,95
5910,95
5911,95
5912,95
5913,95
5914,95
5915,95
5916,95
5917,99
5918,95
5919,95
5920,97
5921,95
5922,95
5923,95
5924,95
5925,426
5926,95
5927,95
5928,426
5929,115
5930,95
5931,426
5932,99
5933,95
5934,95
5935,95
5936,95
5937,95
5938,95
5939,95
5940,95
5941,102
5942,95
5943,95
5944,95
5945,95
5946,95
5947,95
5948,95
5949,95
5950,116
5951,426
5952,95
5953,99
5954,426
5955,95
5956,95
5957,426
5958,95
5959,95
5960,95
5961,95
5962,102
5963,95
5964,95
5965,95
5966,95
5967,95
5968,95
5969,95
5970,95
5971,116
5972,95
5973,95
5974,480
5975,102
5976,95
5977,426
5978,95
5979,95
5980,95
5981,95
5982,95
5983,95
5984,103
5985,95
5986,95
5987,104
5988,95
5989,95
5990,99
5991,95
5992,95
5993,95
5994,426
5995,95
5996,95
5997,426
5998,95
5999,102
6000,426
6001,95
6002,95
6003,426
6004,95
6005,95
6006,95
6007,95
6008,116
6009,95
6010,95
6011,99
6012,95
6013,95
6014,95
6015,95
6016,95
6017,95
6018,95
6019,95
6020,433
6021,95
6022,95
6023,426
6024,95
6025,95
6026,426
6027,95
6028,95
6029,426
6030,95
6031,95
6032,95
6033,95
6034,95
6035,99
6036,95
6037,95
6038,97
6039,95
6040,95
6041,95
6042,95
6043,95
6044,95
6045,95
6046,95
6047,116
6048,95
6049,426
6050,99
6051,95
6052,426
6053,95
6054,95
6055,426
6056,95
6057,95
6058,95
6059,102
6060,95
6061,95
6062,95
6063,95
6064,95
6065,95
6066,95
6067,95
6068,116
6069,95
6070,95
6071,99
6072,426
6073,95
6074,95
6075,426
6076,95
6077,95
6078,426
6079,95
6080,102
6081,426
6082,95
6083,95
6084,95
6085,95
6086,95
6087,95
6088,95
6089,116
6090,95
6091,95
6092,99
6093,95
6094,95
6095,95
6096,95
6097,95
6098,426
6099,95
6100,95
6101,434
6102,95
6103,95
6104,426
6105,95
6106,95
6107,426
6108,95
6109,95
6110,95
6111,95
6112,95
6113,95
6114,95
6115,95
6116,99
6117,95
6118,95
6119,97
6120,95
6121,95
6122,95
6123,95
6124,95
6125,95
6126,95
6127,426
6128,115
6129,95
6130,426
6131,99
6132,95
6133,426
6134,95
6135,95
6136,95
6137,95
6138,95
6139,95
6140,102
6141,95
6142,95
6143,95
6144,95
6145,95
6146,95
6147,95
6148,95
6149,112
6150,426
6151,95
6152,45
6153,95
6154,95
6155,95
6156,95
6157,95
6158,95
6159,426
6160,95
6161,95
6162,426
6163,95
6164,95
6165,426
6166,99
6167,95
6168,426
6169,97
6170,95
6171,95
6172,103
6173,95
6174,95
6175,99
6176,95
6177,95
6178,95
6179,95
6180,95
6181,95
6182,95
6183,95
6184,102
6185,426
6186,95
6187,95
6188,426
6189,95
6190,95
6191,426
6192,95
6193,116
6194,95
6195,95
6196,99
6197,95
6198,95
6199,95
6200,95
6201,95
6202,95
6203,95
6204,95
6205,102
6206,95
6207,95
6208,95
6209,95
6210,95
6211,426
6212,95
6213,95
6214,447
6215,95
6216,95
6217,426
6218,95
6219,95
6220,45
6221,102
6222,95
6223,426
6224,104
6225,95
6226,95
6227,99
6228,95
6229,95
6230,95
6231,95
6232,95
6233,95
6234,95
6235,95
6236,102
6237,95
6238,95
6239,95
6240,95
6241,95
6242,45
6243,95
6244,95
6245,95
6246,95
6247,95
6248,95
6249,426
6250,97
6251,95
6252,426
6253,95
6254,95
6255,426
6256,95
6257,45
6258,426
6259,95
6260,95
6261,426
6262,95
6263,95
6264,427
6265,95
6266,95
6267,95
6268,95
6269,95
6270,99
6271,95
6272,95
6273,99
6274,95
6275,95
6276,95
6277,95
6278,95
6279,95
6280,45
6281,95
6282,95
6283,95
6284,95
6285,95
6286,95
6287,95
6288,95
6289,95
6290,426
6291,95
6292,95
6293,426
6294,95
6295,95
6296,426
6297,95
6298,95
6299,426
6300,95
6301,95
6302,426
6303,95
6304,95
6305,95
6306,95
6307,95
6308,95
6309,97
6310,95
6311,95
6312,95
6313,95
6314,95
6315,95
6316,95
6317,95
6318,102
6319,426
6320,95
6321,95
6322,426
6323,95
6324,95
6325,426
6326,95
6327,116
6328,426
6329,95
6330,99
6331,95
6332,95
6333,95
6334,95
6335,95
6336,95
6337,95
6338,95
6339,102
6340,95
6341,95
6342,95
6343,95
6344,95
6345,95
6346,95
6347,95
6348,447
6349,95
6350,95
6351,430
6352,95
6353,95
6354,426
6355,95
6356,95
6357,95
6358,95
6359,95
6360,95
6361,95
6362,95
6363,95
6364,95
6365,95
6366,97
6367,95
6368,95
6369,98
6370,95
6371,95
6372,95
6373,95
6374,426
6375,95
6376,95
6377,426
6378,102
6379,95
6380,426
6381,95
6382,95
6383,426
6384,95
6385,95
6386,95
6387,116
6388,95
6389,95
6390,99
6391,95
6392,95
6393,95
6394,95
6395,95
6396,95
6397,95
6398,95
6399,102
6400,426
6401,95
6402,95
6403,426
6404,95
6405,95
6406,426
6407,95
6408,116
6409,45
6410,95
6411,95
6412,426
6413,95
6414,95
6415,102
6416,95
6417,95
6418,104
6419,95
6420,95
6421,99
6422,95
6423,95
6424,95
6425,95
6426,95
6427,95
6428,95
6429,426
6430,102
6431,95
6432,426
6433,95
6434,95
6435,426
6436,95
6437,95
6438,426
6439,45
6440,95
6441,426
6442,95
6443,95
6444,426
6445,95
6446,95
6447,426
6448,95
6449,95
6450,95
6451,95
6452,95
6453,99
6454,95
6455,95
6456,95
6457,95
6458,95
6459,95
6460,95
6461,95
6462,95
6463,98
6464,426
6465,95
6466,95
6467,426
6468,95
6469,95
6470,426
6471,95
6472,102
6473,426
6474,95
6475,104
6476,95
6477,95
6478,99
6479,95
6480,95
6481,95
6482,95
6483,95
6484,95
6485,95
6486,95
6487,102
6488,95
6489,95
6490,95
6491,95
6492,95
6493,426
6494,95
6495,95
6496,447
6497,95
6498,95
6499,426
6500,95
6501,95
6502,95
6503,95
6504,95
6505,95
6506,45
6507,95
6508,95
6509,95
6510,95
6511,95
6512,95
6513,99
6514,95
6515,95
6516,95
6517,95
6518,95
6519,100
6520,95
6521,95
6522,99
6523,95
6524,95
6525,426
6526,95
6527,95
6528,426
6529,95
6530,95
6531,433
6532,95
6533,95
6534,426
6535,95
6536,95
6537,95
6538,95
6539,95
6540,95
6541,95
6542,95
6543,95
6544,95
6545,95
6546,99
6547,95
6548,95
6549,97
6550,95
6551,95
6552,95
6553,95
6554,426
6555,95
6556,95
6557,426
6558,115
6559,95
6560,426
6561,99
6562,95
6563,95
6564,95
6565,95
6566,95
6567,95
6568,95
6569,95
6570,102
6571,95
6572,95
6573,95
6574,95
6575,95
6576,95
6577,95
6578,95
6579,116
6580,426
6581,95
6582,99
6583,426
6584,95
6585,95
6586,426
6587,95
6588,95
6589,95
6590,95
6591,102
6592,95
6593,95
6594,95
6595,95
6596,95
6597,95
6598,95
6599,95
6600,116
6601,95
6602,95
6603,430
6604,95
6605,95
6606,426
6607,95
6608,95
6609,426
6610,95
6611,95
6612,426
6613,95
6614,95
6615,95
6616,95
6617,95
6618,97
6619,95
6620,95
6621,98
6622,95
6623,95
6624,95
6625,95
6626,45
6627,95
6628,95
6629,95
6630,95
6631,95
6632,95
6633,95
6634,95
6635,95
6636,95
6637,95
6638,426
6639,95
6640,95
6641,426
6642,95
6643,95
6644,426
6645,95
6646,45
6647,426
6648,95
6649,95
6650,426
6651,45
6652,95
6653,426
6654,45
6655,95
6656,95
6657,95
6658,95
6659,426
6660,95
6661,95
6662,431
6663,95
6664,95
6665,426
6666,95
6667,95
6668,426
6669,95
6670,95
6671,95
6672,95
6673,95
6674,95
6675,95
6676,95
6677,95
6678,95
6679,95
6680,100
6681,95
6682,95
6683,95
6684,95
6685,95
6686,95
6687,95
6688,426
6689,103
6690,95
6691,426
6692,104
6693,95
6694,426
6695,99
6696,95
6697,426
6698,95
6699,95
6700,95
6701,95
6702,95
6703,95
6704,102
6705,95
6706,95
6707,95
6708,95
6709,95
6710,95
6711,95
6712,95
6713,116
6714,426
6715,95
6716,99
6717,426
6718,95
6719,95
6720,426
6721,95
6722,95
6723,426
6724,95
6725,102
6726,95
6727,95
6728,95
6729,95
6730,95
6731,95
6732,95
6733,95
6734,116
6735,95
6736,95
6737,430
6738,95
6739,95
6740,426
6741,95
6742,95
6743,426
6744,95
6745,95
6746,433
6747,95
6748,95
6749,95
6750,95
6751,95
6752,95
6753,95
6754,95
6755,95
6756,95
6757,95
6758,95
6759,95
6760,95
6761,99
6762,95
6763,95
6764,97
6765,95
6766,426
6767,95
6768,95
6769,426
6770,95
6771,95
6772,426
6773,115
6774,95
6775,426
6776,99
6777,95
6778,95
6779,95
6780,95
6781,95
6782,95
6783,95
6784,95
6785,102
6786,95
6787,95
6788,95
6789,95
6790,95
6791,95
6792,426
6793,95
6794,116
6795,426
6796,95
6797,99
6798,426
6799,95
6800,95
6801,426
6802,45
6803,95
6804,426
6805,95
6806,95
6807,426
6808,95
6809,95
6810,95
6811,96
6812,95
6813,95
6814,95
6815,95
6816,95
6817,99
6818,95
6819,95
6820,99
6821,95
6822,95
6823,95
6824,95
6825,95
6826,95
6827,426
6828,95
6829,102
6830,426
6831,95
6832,95
6833,426
6834,95
6835,95
6836,426
6837,95
6838,116
6839,95
6840,95
6841,99
6842,95
6843,95
6844,95
6845,95
6846,95
6847,95
6848,95
6849,95
6850,45
6851,95
6852,95
6853,95
6854,95
6855,96
6856,95
6857,95
6858,95
6859,426
6860,95
6861,99
6862,426
6863,95
6864,45
6865,426
6866,95
6867,95
6868,426
6869,95
6870,95
6871,95
6872,95
6873,95
6874,95
6875,95
6876,95
6877,95
6878,95
6879,95
6880,95
6881,95
6882,45
6883,95
6884,104
6885,95
6886,95
6887,99
6888,95
6889,95
6890,95
6891,95
6892,95
6893,95
6894,426
6895,95
6896,102
6897,426
6898,95
6899,95
6900,426
6901,95
6902,95
6903,426
6904,95
6905,116
6906,95
6907,95
6908,99
6909,95
6910,95
6911,95
6912,95
6913,95
6914,95
6915,95
6916,95
6917,102
6918,95
6919,95
6920,426
6921,95
6922,95
6923,426
6924,95
6925,95
6926,447
6927,95
6928,95
6929,95
6930,95
6931,95
6932,95
6933,95
6934,95
6935,95
6936,95
6937,95
6938,96
6939,95
6940,95
6941,95
6942,95
6943,95
6944,99
6945,95
6946,426
6947,99
6948,95
6949,426
6950,95
6951,95
6952,426
6953,95
6954,95
6955,426
6956,102
6957,95
6958,95
6959,95
6960,95
6961,95
6962,95
6963,95
6964,95
6965,116
6966,95
6967,95
6968,99
6969,95
6970,95
6971,95
6972,426
6973,95
6974,95
6975,426
6976,95
6977,102
6978,426
6979,95
6980,95
6981,426
6982,95
6983,95
6984,95
6985,95
6986,116
6987,95
6988,95
6989,99
6990,95
6991,95
6992,95
6993,95
6994,95
6995,45
6996,107
6997,45
6998,95
6999,95
7000,95
7001,99
7002,95
7003,95
7004,99
7005,95
7006,95
7007,426
7008,95
7009,95
7010,426
7011,95
7012,95
7013,433
7014,95
7015,95
7016,426
7017,95
7018,95
7019,95
7020,95
7021,95
7022,95
7023,95
7024,95
7025,95
7026,95
7027,95
7028,99
7029,95
7030,95
7031,97
7032,95
7033,95
7034,95
7035,95
7036,426
7037,95
7038,95
7039,426
7040,115
7041,95
7042,426
7043,99
7044,95
7045,426
7046,95
7047,95
7048,95
7049,95
7050,95
7051,95
7052,102
7053,95
7054,95
7055,95
7056,95
7057,95
7058,95
7059,95
7060,95
7061,116
7062,426
7063,95
7064,99
7065,426
7066,95
7067,95
7068,426
7069,95
7070,95
7071,426
7072,95
7073,102
7074,95
7075,95
7076,95
7077,95
7078,95
7079,95
7080,95
7081,95
7082,116
7083,95
7084,95
7085,430
7086,95
7087,95
7088,426
7089,95
7090,95
7091,426
7092,95
7093,95
7094,433
7095,95
7096,95
7097,95
7098,45
7099,95
7100,426
7101,95
7102,95
7103,426
7104,95
7105,95
7106,95
7107,95
7108,97
7109,95
7110,95
7111,95
7112,95
7113,95
7114,95
7115,45
7116,95
7117,95
7118,95
7119,95
7120,95
7121,45
7122,95
7123,95
7124,95
7125,95
7126,95
7127,95
7128,95
7129,95
7130,95
7131,95
7132,95
7133,95
7134,95
7135,426
7136,95
7137,95
7138,426
7139,95
7140,95
7141,426
7142,95
7143,95
7144,426
7145,99
7146,95
7147,95
7148,97
7149,95
7150,95
7151,103
7152,95
7153,95
7154,99
7155,95
7156,95
7157,95
7158,95
7159,95
7160,95
7161,95
7162,95
7163,102
7164,426
7165,95
7166,95
7167,426
7168,95
7169,95
7170,426
7171,95
7172,116
7173,95
7174,95
7175,99
7176,45
7177,95
7178,95
7179,99
7180,95
7181,95
7182,103
7183,95
7184,95
7185,99
7186,95
7187,95
7188,95
7189,95
7190,95
7191,95
7192,95
7193,95
7194,102
7195,95
7196,426
7197,95
7198,95
7199,426
7200,95
7201,95
7202,376
7203,95
7204,95
7205,426
7206,95
7207,95
7208,426
7209,95
7210,95
7211,426
7212,95
7213,95
7214,96
7215,95
7216,95
7217,103
7218,95
7219,95
7220,95
7221,95
7222,95
7223,95
7224,95
7225,95
7226,116
7227,95
7228,426
7229,99
7230,95
7231,426
7232,95
7233,95
7234,426
7235,95
7236,95
7237,426
7238,102
7239,95
7240,95
7241,95
7242,95
7243,95
7244,95
7245,95
7246,95
7247,116
7248,95
7249,95
7250,99
7251,95
7252,95
7253,95
7254,426
7255,95
7256,95
7257,426
7258,95
7259,102
7260,426
7261,95
7262,95
7263,426
7264,95
7265,95
7266,95
7267,95
7268,116
7269,95
7270,95
7271,99
7272,95
7273,95
7274,95
7275,95
7276,95
7277,95
7278,95
7279,95
7280,433
7281,95
7282,95
7283,426
7284,95
7285,95
7286,426
7287,95
7288,95
7289,426
7290,95
7291,95
7292,95
7293,95
7294,95
7295,99
7296,95
7297,95
7298,97
7299,95
7300,95
7301,95
7302,95
7303,95
7304,95
7305,95
7306,426
7307,115
7308,95
7309,426
7310,99
7311,95
7312,426
7313,95
7314,95
7315,426
7316,95
7317,95
7318,95
7319,102
7320,95
7321,95
7322,95
7323,95
7324,95
7325,95
7326,95
7327,95
7328,116
7329,95
7330,95
7331,99
7332,426
7333,95
7334,95
7335,426
7336,95
7337,95
7338,426
7339,95
7340,102
7341,95
7342,95
7343,95
7344,95
7345,95
7346,95
7347,95
7348,95
7349,116
7350,95
7351,95
7352,99
7353,95
7354,95
7355,426
7356,95
7357,95
7358,426
7359,95
7360,95
7361,433
7362,95
7363,95
7364,426
7365,95
7366,95
7367,95
7368,95
7369,95
7370,95
7371,95
7372,95
7373,95
7374,95
7375,95
7376,99
7377,95
7378,95
7379,97
7380,95
7381,95
7382,95
7383,95
7384,426
7385,95
7386,95
7387,426
7388,115
7389,95
7390,426
7391,99
7392,95
7393,426
7394,95
7395,95
7396,95
7397,95
7398,95
7399,95
7400,102
7401,95
7402,95
7403,95
7404,95
7405,95
7406,95
7407,95
7408,95
7409,116
7410,426
7411,95
7412,99
7413,426
7414,95
7415,95
7416,426
7417,95
7418,95
7419,426
7420,95
7421,102
7422,95
7423,95
7424,95
7425,95
7426,95
7427,95
7428,95
7429,95
7430,116
7431,95
7432,95
7433,430
7434,95
7435,95
7436,426
7437,95
7438,95
7439,426
7440,95
7441,95
7442,433
7443,95
7444,95
7445,95
7446,95
7447,95
7448,95
7449,95
7450,95
7451,95
7452,95
7453,95
7454,95
7455,95
7456,95
7457,99
7458,95
7459,95
7460,97
7461,95
7462,45
7463,95
7464,95
7465,99
7466,95
7467,45
7468,95
7469,99
7470,95
7471,95
7472,95
7473,95
7474,426
7475,95
7476,95
7477,426
7478,45
7479,95
7480,95
7481,95
7482,95
7483,426
7484,95
7485,95
7486,426
7487,95
7488,95
7489,426
7490,95
7491,95
7492,434
7493,95
7494,95
7495,95
7496,95
7497,95
7498,95
7499,95
7500,95
7501,95
7502,95
7503,95
7504,95
7505,95
7506,95
7507,95
7508,99
7509,95
7510,95
7511,97
7512,426
7513,95
7514,95
7515,426
7516,95
7517,95
7518,426
7519,95
7520,115
7521,95
7522,95
7523,99
7524,95
7525,95
7526,95
7527,95
7528,95
7529,95
7530,95
7531,95
7532,102
7533,95
7534,95
7535,95
7536,45
7537,95
7538,95
7539,95
7540,95
7541,95
7542,95
7543,95
7544,426
7545,95
7546,97
7547,426
7548,95
7549,95
7550,426
7551,95
7552,95
7553,426
7554,95
7555,102
7556,95
7557,95
7558,95
7559,95
7560,95
7561,95
7562,95
7563,95
7564,116
7565,95
7566,95
7567,99
7568,102
7569,95
7570,426
7571,95
7572,95
7573,426
7574,95
7575,95
7576,95
7577,103
7578,95
7579,95
7580,104
7581,95
7582,95
7583,99
7584,95
7585,95
7586,95
7587,95
7588,95
7589,95
7590,426
7591,45
7592,95
7593,95
7594,95
7595,95
7596,426
7597,96
7598,95
7599,426
7600,95
7601,95
7602,426
7603,99
7604,95
7605,426
7606,99
7607,95
7608,95
7609,95
7610,95
7611,95
7612,95
7613,95
7614,95
7615,102
7616,95
7617,95
7618,95
7619,95
7620,95
7621,95
7622,95
7623,95
7624,116
7625,426
7626,95
7627,99
7628,426
7629,95
7630,95
7631,426
7632,95
7633,95
7634,95
7635,95
7636,102
7637,95
7638,95
7639,95
7640,95
7641,95
7642,95
7643,95
7644,95
7645,116
7646,95
7647,95
7648,430
7649,95
7650,95
7651,426
7652,95
7653,95
7654,426
7655,95
7656,95
7657,426
7658,95
7659,95
7660,95
7661,95
7662,95
7663,97
7664,95
7665,95
7666,98
7667,95
7668,95
7669,95
7670,95
7671,95
7672,95
7673,95
7674,95
7675,102
7676,95
7677,426
7678,95
7679,95
7680,426
7681,95
7682,95
7683,426
7684,116
7685,95
7686,95
7687,99
7688,95
7689,95
7690,95
7691,95
7692,95
7693,95
7694,95
7695,95
7696,102
7697,95
7698,95
7699,95
7700,95
7701,95
7702,95
7703,426
7704,45
7705,95
7706,95
7707,95
7708,95
7709,426
7710,97
7711,95
7712,426
7713,95
7714,95
7715,426
7716,95
7717,95
7718,426
7719,102
7720,95
7721,95
7722,95
7723,95
7724,95
7725,95
7726,95
7727,95
7728,116
7729,45
7730,95
7731,95
7732,95
7733,95
7734,95
7735,95
7736,95
7737,95
7738,95
7739,95
7740,95
7741,95
7742,45
7743,115
7744,95
7745,95
7746,99
7747,426
7748,95
7749,95
7750,426
7751,95
7752,95
7753,426
7754,95
7755,102
7756,426
7757,95
7758,95
7759,95
7760,95
7761,95
7762,45
7763,95
7764,95
7765,95
7766,95
7767,95
7768,95
7769,97
7770,95
7771,95
7772,95
7773,95
7774,95
7775,95
7776,95
7777,95
7778,102
7779,95
7780,95
7781,95
7782,426
7783,95
7784,95
7785,426
7786,95
7787,116
7788,426
7789,95
7790,99
7791,95
7792,95
7793,95
7794,95
7795,95
7796,95
7797,95
7798,95
7799,102
7800,95
7801,95
7802,95
7803,95
7804,95
7805,95
7806,95
7807,95
7808,447
7809,95
7810,95
7811,430
7812,95
7813,95
7814,426
7815,95
7816,95
7817,95
7818,95
7819,95
7820,95
7821,95
7822,95
7823,95
7824,95
7825,95
7826,97
7827,95
7828,95
7829,98
7830,95
7831,95
7832,95
7833,95
7834,426
7835,95
7836,95
7837,426
7838,102
7839,95
7840,426
7841,95
7842,95
7843,426
7844,95
7845,95
7846,95
7847,116
7848,95
7849,95
7850,99
7851,95
7852,95
7853,95
7854,95
7855,95
7856,95
7857,95
7858,95
7859,102
7860,426
7861,95
7862,95
7863,426
7864,95
7865,95
7866,426
7867,95
7868,116
7869,95
7870,95
7871,99
7872,95
7873,95
7874,95
7875,95
7876,95
7877,95
7878,95
7879,95
7880,102
7881,95
7882,95
7883,95
7884,95
7885,95
7886,426
7887,95
7888,95
7889,447
7890,95
7891,95
7892,426
7893,95
7894,95
7895,95
7896,95
7897,95
7898,95
7899,95
7900,95
7901,96
7902,95
7903,95
7904,95
7905,95
7906,95
7907,99
7908,95
7909,95
7910,99
7911,95
7912,426
7913,95
7914,95
7915,426
7916,95
7917,95
7918,426
7919,45
7920,95
7921,426
7922,95
7923,95
7924,376
7925,95
7926,95
7927,426
7928,95
7929,99
7930,426
7931,95
7932,95
7933,426
7934,95
7935,100
7936,95
7937,95
7938,99
7939,95
7940,95
7941,95
7942,95
7943,95
7944,95
7945,95
7946,95
7947,102
7948,95
7949,95
7950,95
7951,95
7952,95
7953,426
7954,95
7955,95
7956,447
7957,95
7958,95
7959,426
7960,95
7961,95
7962,95
7963,95
7964,95
7965,95
7966,95
7967,95
7968,96
7969,95
7970,95
7971,95
7972,95
7973,95
7974,99
7975,95
7976,95
7977,99
7978,95
7979,426
7980,95
7981,95
7982,426
7983,95
7984,95
7985,426
7986,102
7987,95
7988,426
7989,95
7990,95
7991,95
7992,95
7993,95
7994,45
7995,95
7996,95
7997,95
7998,95
7999,95
8000,97
8001,95
8002,95
8003,95
8004,95
8005,95
8006,95
8007,95
8008,95
8009,102
8010,95
8011,95
8012,95
8013,95
8014,426
8015,95
8016,95
8017,426
8018,116
8019,95
8020,426
8021,99
8022,95
8023,95
8024,95
8025,95
8026,95
8027,95
8028,95
8029,45
8030,95
8031,95
8032,95
8033,95
8034,95
8035,96
8036,95
8037,95
8038,95
8039,95
8040,95
8041,99
8042,95
8043,95
8044,99
8045,95
8046,426
8047,95
8048,95
8049,426
8050,95
8051,95
8052,426
8053,102
8054,95
8055,426
8056,95
8057,95
8058,95
8059,95
8060,95
8061,95
8062,116
8063,95
8064,95
8065,99
8066,95
8067,95
8068,95
8069,95
8070,95
8071,95
8072,426
8073,95
8074,102
8075,426
8076,95
8077,95
8078,426
8079,95
8080,95
8081,426
8082,95
8083,116
8084,95
8085,95
8086,99
8087,95
8088,95
8089,95
8090,95
8091,95
8092,95
8093,95
8094,95
8095,102
8096,95
8097,95
8098,426
8099,95
8100,95
8101,426
8102,95
8103,95
8104,497
8105,95
8106,95
8107,95
8108,95
8109,95
8110,95
8111,102
8112,95
8113,95
8114,95
8115,95
8116,95
8117,95
8118,426
8119,95
8120,116
8121,426
8122,95
8123,99
8124,426
8125,95
8126,95
8127,95
8128,95
8129,95
8130,95
8131,95
8132,102
8133,45
8134,95
8135,95
8136,99
8137,95
8138,95
8139,95
8140,95
8141,95
8142,95
8143,95
8144,95
8145,95
8146,95
8147,95
8148,95
8149,95
8150,426
8151,95
8152,99
8153,426
8154,95
8155,97
8156,426
8157,95
8158,95
8159,426
8160,95
8161,95
8162,95
8163,95
8164,115
8165,95
8166,95
8167,99
8168,95
8169,95
8170,95
8171,95
8172,95
8173,95
8174,95
8175,95
8176,433
8177,95
8178,95
8179,426
8180,95
8181,95
8182,426
8183,95
8184,95
8185,426
8186,95
8187,95
8188,95
8189,95
8190,95
8191,99
8192,95
8193,95
8194,97
8195,95
8196,95
8197,95
8198,95
8199,95
8200,45
8201,95
8202,95
8203,95
8204,95
8205,95
8206,95
8207,95
8208,95
8209,95
8210,95
8211,95
8212,95
8213,95
8214,426
8215,95
8216,95
8217,426
8218,95
8219,95
8220,426
8221,95
8222,95
8223,426
8224,95
8225,95
8226,95
8227,100
8228,95
8229,95
8230,95
8231,95
8232,95
8233,95
8234,95
8235,95
8236,103
8237,95
8238,95
8239,104
8240,426
8241,95
8242,99
8243,426
8244,95
8245,95
8246,426
8247,95
8248,95
8249,426
8250,95
8251,102
8252,95
8253,95
8254,95
8255,95
8256,95
8257,95
8258,95
8259,95
8260,116
8261,95
8262,95
8263,99
8264,95
8265,95
8266,426
8267,95
8268,95
8269,426
8270,95
8271,95
8272,433
8273,95
8274,95
8275,426
8276,95
8277,95
8278,95
8279,95
8280,95
8281,95
8282,95
8283,95
8284,95
8285,95
8286,95
8287,99
8288,95
8289,95
8290,97
8291,95
8292,95
8293,95
8294,95
8295,426
8296,95
8297,95
8298,426
8299,115
8300,95
8301,426
8302,99
8303,95
8304,95
8305,95
8306,95
8307,95
8308,95
8309,95
8310,95
8311,102
8312,95
8313,95
8314,95
8315,95
8316,95
8317,95
8318,95
8319,95
8320,116
8321,426
8322,95
8323,99
8324,426
8325,95
8326,95
8327,426
8328,95
8329,95
8330,95
8331,95
8332,102
8333,95
8334,95
8335,95
8336,95
8337,95
8338,95
8339,95
8340,95
8341,116
8342,95
8343,95
8344,430
8345,95
8346,95
8347,426
8348,95
8349,95
8350,426
8351,95
8352,95
8353,426
8354,95
8355,95
8356,95
8357,95
8358,95
8359,97
8360,95
8361,95
8362,98
8363,95
8364,95
8365,95
8366,95
8367,95
8368,95
8369,95
8370,95
8371,102
8372,95
8373,426
8374,95
8375,95
8376,426
8377,95
8378,95
8379,426
8380,116
8381,95
8382,95
8383,99
8384,95
8385,95
8386,95
8387,95
8388,95
8389,95
8390,95
8391,95
8392,102
8393,95
8394,95
8395,95
8396,95
8397,95
8398,95
8399,426
8400,95
8401,116
8402,426
8403,95
8404,99
8405,426
8406,95
8407,95
8408,95
8409,95
8410,95
8411,95
8412,95
8413,102
8414,95
8415,95
8416,95
8417,95
8418,95
8419,95
8420,95
8421,95
8422,447
8423,95
8424,95
8425,430
8426,95
8427,95
8428,426
8429,95
8430,95
8431,426
8432,95
8433,95
8434,95
8435,95
8436,95
8437,95
8438,95
8439,95
8440,97
8441,95
8442,95
8443,98
8444,95
8445,95
8446,95
8447,95
8448,95
8449,95
8450,95
8451,426
8452,103
8453,95
8454,426
8455,95
8456,95
8457,426
8458,95
8459,95
8460,426
8461,116
8462,95
8463,95
8464,99
8465,95
8466,95
8467,95
8468,95
8469,95
8470,95
8471,95
8472,95
8473,102
8474,95
8475,95
8476,95
8477,426
8478,95
8479,95
8480,426
8481,95
8482,116
8483,426
8484,95
8485,99
8486,95
8487,95
8488,95
8489,95
8490,95
8491,95
8492,95
8493,95
8494,102
8495,95
8496,95
8497,95
8498,95
8499,95
8500,95
8501,95
8502,95
8503,447
8504,95
8505,95
8506,430
8507,95
8508,95
8509,426
8510,95
8511,95
8512,95
8513,95
8514,95
8515,95
8516,95
8517,95
8518,95
8519,95
8520,95
8521,97
8522,95
8523,95
8524,98
8525,95
8526,95
8527,95
8528,95
8529,426
8530,95
8531,95
8532,426
8533,102
8534,95
8535,426
8536,95
8537,95
8538,426
8539,95
8540,95
8541,95
8542,116
8543,95
8544,95
8545,99
8546,95
8547,95
8548,95
8549,95
8550,95
8551,95
8552,95
8553,95
8554,102
8555,426
8556,95
8557,95
8558,426
8559,95
8560,95
8561,426
8562,95
8563,116
8564,95
8565,95
8566,99
8567,95
8568,95
8569,95
8570,95
8571,95
8572,95
8573,95
8574,95
8575,102
8576,95
8577,95
8578,95
8579,95
8580,95
8581,426
8582,95
8583,95
8584,447
8585,95
8586,95
8587,426
8588,95
8589,45
8590,426
8591,45
8592,95
8593,426
8594,95
8595,95
8596,426
8597,95
8598,95
8599,446
8600,95
8601,95
8602,95
8603,95
8604,95
8605,95
8606,95
8607,95
8608,95
8609,95
8610,95
8611,96
8612,95
8613,95
8614,95
8615,95
8616,95
8617,99
8618,95
8619,426
8620,45
8621,95
8622,99
8623,95
8624,95
8625,430
8626,95
8627,95
8628,426
8629,95
8630,95
8631,426
8632,95
8633,95
8634,426
8635,95
8636,95
8637,95
8638,95
8639,95
8640,97
8641,95
8642,95
8643,98
8644,95
8645,95
8646,95
8647,95
8648,95
8649,95
8650,95
8651,95
8652,102
8653,95
8654,426
8655,95
8656,95
8657,426
8658,95
8659,95
8660,426
8661,116
8662,95
8663,95
8664,99
8665,95
8666,95
8667,95
8668,95
8669,95
8670,95
8671,95
8672,95
8673,102
8674,95
8675,95
8676,95
8677,95
8678,95
8679,95
8680,426
8681,95
8682,116
8683,426
8684,95
8685,99
8686,426
8687,95
8688,95
8689,95
8690,95
8691,95
8692,95
8693,95
8694,102
8695,95
8696,95
8697,95
8698,95
8699,95
8700,95
8701,95
8702,95
8703,447
8704,95
8705,95
8706,430
8707,95
8708,95
8709,426
8710,95
8711,95
8712,426
8713,95
8714,95
8715,95
8716,95
8717,95
8718,95
8719,95
8720,95
8721,97
8722,95
8723,95
8724,98
8725,95
8726,95
8727,45
8728,95
8729,99
8730,95
8731,95
8732,95
8733,95
8734,95
8735,95
8736,95
8737,95
8738,433
8739,95
8740,95
8741,426
8742,95
8743,95
8744,426
8745,95
8746,95
8747,426
8748,95
8749,95
8750,95
8751,95
8752,95
8753,99
8754,95
8755,95
8756,97
8757,95
8758,95
8759,95
8760,95
8761,95
8762,95
8763,95
8764,95
8765,115
8766,95
8767,426
8768,99
8769,95
8770,426
8771,45
8772,95
8773,430
8774,95
8775,95
8776,426
8777,95
8778,95
8779,426
8780,95
8781,95
8782,95
8783,95
8784,45
8785,426
8786,95
8787,96
8788,95
8789,95
8790,95
8791,95
8792,95
8793,99
8794,95
8795,95
8796,99
8797,95
8798,95
8799,95
8800,95
8801,95
8802,95
8803,95
8804,95
8805,433
8806,95
8807,95
8808,426
8809,95
8810,95
8811,426
8812,95
8813,95
8814,426
8815,95
8816,95
8817,95
8818,95
8819,95
8820,99
8821,95
8822,95
8823,97
8824,95
8825,95
8826,95
8827,95
8828,95
8829,95
8830,95
8831,95
8832,116
8833,95
8834,426
8835,99
8836,95
8837,426
8838,95
8839,95
8840,426
8841,95
8842,95
8843,95
8844,102
8845,95
8846,95
8847,95
8848,95
8849,95
8850,95
8851,95
8852,95
8853,116
8854,95
8855,95
8856,99
8857,426
8858,95
8859,95
8860,426
8861,95
8862,95
8863,426
8864,95
8865,102
8866,426
8867,95
8868,95
8869,95
8870,95
8871,95
8872,95
8873,95
8874,116
8875,95
8876,95
8877,99
8878,95
8879,95
8880,95
8881,95
8882,45
8883,95
8884,108
8885,45
8886,95
8887,95
8888,45
8889,95
8890,95
8891,95
8892,95
8893,95
8894,95
8895,95
8896,95
8897,95
8898,95
8899,115
8900,45
8901,95
8902,95
8903,95
8904,430
8905,95
8906,95
8907,430
8908,95
8909,95
8910,426
8911,45
8912,45
8913,95
8914,95
8915,95
8916,102
8917,95
8918,95
8919,435
8920,95
8921,95
8922,430
8923,95
8924,95
8925,426
8926,95
8927,95
8928,95
8929,95
8930,95
8931,95
8932,95
8933,95
8934,95
8935,95
8936,95
8937,97
8938,95
8939,95
8940,98
8941,95
8942,95
8943,95
8944,95
8945,426
8946,95
8947,95
8948,426
8949,102
8950,95
8951,426
8952,95
8953,95
8954,426
8955,95
8956,95
8957,95
8958,116
8959,95
8960,95
8961,99
8962,95
8963,95
8964,95
8965,95
8966,95
8967,95
8968,95
8969,95
8970,102
8971,426
8972,95
8973,95
8974,426
8975,95
8976,95
8977,426
8978,95
8979,116
8980,95
8981,95
8982,99
8983,95
8984,95
8985,95
8986,95
8987,95
8988,95
8989,95
8990,95
8991,102
8992,95
8993,95
8994,95
8995,95
8996,95
8997,426
8998,95
8999,95
9000,447
9001,95
9002,95
9003,426
9004,95
9005,95
9006,95
9007,95
9008,95
9009,95
9010,95
9011,95
9012,96
9013,95
9014,95
9015,95
9016,95
9017,95
9018,99
9019,95
9020,95
9021,99
9022,95
9023,426
9024,95
9025,95
9026,426
9027,95
9028,95
9029,426
9030,102
9031,95
9032,426
9033,95
9034,95
9035,95
9036,95
9037,95
9038,95
9039,116
9040,95
9041,95
9042,99
9043,95
9044,95
9045,95
9046,95
9047,95
9048,95
9049,426
9050,95
9051,102
9052,426
9053,95
9054,95
9055,426
9056,95
9057,95
9058,426
9059,95
9060,116
9061,95
9062,95
9063,99
9064,95
9065,95
9066,95
9067,95
9068,95
9069,95
9070,95
9071,95
9072,102
9073,95
9074,95
9075,426
9076,95
9077,95
9078,426
9079,95
9080,95
9081,447
9082,95
9083,95
9084,95
9085,95
9086,95
9087,95
9088,95
9089,95
9090,95
9091,95
9092,95
9093,96
9094,95
9095,95
9096,95
9097,95
9098,95
9099,99
9100,95
9101,426
9102,99
9103,95
9104,426
9105,95
9106,95
9107,426
9108,95
9109,95
9110,426
9111,102
9112,95
9113,95
9114,95
9115,95
9116,95
9117,95
9118,95
9119,95
9120,116
9121,95
9122,95
9123,99
9124,95
9125,95
9126,95
9127,426
9128,95
9129,95
9130,426
9131,95
9132,102
9133,426
9134,95
9135,95
9136,426
9137,95
9138,95
9139,95
9140,95
9141,116
9142,95
9143,95
9144,99
9145,95
9146,95
9147,95
9148,95
9149,95
9150,95
9151,95
9152,95
9153,433
9154,95
9155,95
9156,426
9157,95
9158,95
9159,426
9160,95
9161,95
9162,426
9163,95
9164,95
9165,95
9166,95
9167,95
9168,99
9169,95
9170,95
9171,97
9172,45
9173,102
9174,95
9175,95
9176,95
9177,95
9178,95
9179,95
9180,95
9181,95
9182,103
9183,95
9184,95
9185,435
9186,95
9187,95
9188,430
9189,95
9190,95
9191,426
9192,95
9193,95
9194,426
9195,95
9196,95
9197,95
9198,95
9199,95
9200,95
9201,95
9202,95
9203,97
9204,95
9205,95
9206,98
9207,45
9208,96
9209,95
9210,95
9211,98
9212,95
9213,95
9214,95
9215,95
9216,95
9217,95
9218,95
9219,95
9220,433
9221,95
9222,95
9223,426
9224,95
9225,95
9226,426
9227,95
9228,95
9229,426
9230,95
9231,95
9232,95
9233,95
9234,95
9235,99
9236,95
9237,95
9238,97
9239,95
9240,95
9241,95
9242,95
9243,95
9244,95
9245,95
9246,95
9247,115
9248,95
9249,426
9250,99
9251,95
9252,426
9253,95
9254,95
9255,426
9256,95
9257,95
9258,426
9259,102
9260,95
9261,95
9262,95
9263,95
9264,95
9265,95
9266,95
9267,95
9268,116
9269,95
9270,95
9271,99
9272,426
9273,95
9274,95
9275,426
9276,95
9277,95
9278,426
9279,95
9280,102
9281,426
9282,95
9283,95
9284,95
9285,95
9286,95
9287,95
9288,95
9289,116
9290,95
9291,95
9292,99
9293,95
9294,95
9295,95
9296,95
9297,95
9298,426
9299,95
9300,95
9301,433
9302,95
9303,95
9304,426
9305,95
9306,95
9307,426
9308,95
9309,95
9310,95
9311,95
9312,95
9313,95
9314,95
9315,95
9316,99
9317,95
9318,95
9319,97
9320,95
9321,95
9322,95
9323,95
9324,95
9325,95
9326,95
9327,426
9328,115
9329,95
9330,426
9331,99
9332,95
9333,426
9334,95
9335,95
9336,95
9337,95
9338,95
9339,95
9340,102
9341,95
9342,95
9343,95
9344,95
9345,95
9346,95
9347,95
9348,95
9349,116
9350,426
9351,95
9352,99
9353,426
9354,95
9355,95
9356,426
9357,95
9358,95
9359,426
9360,95
9361,102
9362,95
9363,95
9364,95
9365,95
9366,95
9367,95
9368,95
9369,95
9370,116
9371,95
9372,95
9373,99
9374,95
9375,95
9376,426
9377,95
9378,95
9379,426
9380,95
9381,95
9382,433
9383,95
9384,95
9385,426
9386,95
9387,95
9388,95
9389,95
9390,95
9391,95
9392,95
9393,95
9394,95
9395,95
9396,95
9397,99
9398,95
9399,95
9400,97
9401,95
9402,95
9403,95
9404,95
9405,426
9406,95
9407,95
9408,426
9409,115
9410,95
9411,426
9412,99
9413,95
9414,95
9415,95
9416,95
9417,95
9418,95
9419,95
9420,95
9421,102
9422,95
9423,95
9424,95
9425,95
9426,95
9427,95
9428,95
9429,95
9430,116
9431,426
9432,95
9433,99
9434,426
9435,95
9436,95
9437,426
9438,95
9439,95
9440,95
9441,95
9442,102
9443,95
9444,95
9445,95
9446,95
9447,95
9448,95
9449,95
9450,95
9451,116
9452,95
9453,95
9454,430
9455,95
9456,95
9457,426
9458,95
9459,95
9460,426
9461,95
9462,95
9463,426
9464,95
9465,95
9466,95
9467,95
9468,95
9469,97
9470,95
9471,95
9472,98
9473,95
9474,95
9475,95
9476,95
9477,95
9478,95
9479,95
9480,95
9481,102
9482,95
9483,426
9484,95
9485,95
9486,426
9487,95
9488,95
9489,426
9490,116
9491,95
9492,95
9493,45
9494,95
9495,430
9496,95
9497,95
9498,426
9499,95
9500,95
9501,95
9502,95
9503,95
9504,95
9505,95
9506,95
9507,96
9508,95
9509,95
9510,95
9511,95
9512,95
9513,99
9514,95
9515,426
9516,99
9517,95
9518,426
9519,95
9520,95
9521,426
9522,95
9523,95
9524,426
9525,102
9526,95
9527,95
9528,95
9529,95
9530,95
9531,95
9532,95
9533,95
9534,116
9535,95
9536,95
9537,99
9538,95
9539,95
9540,95
9541,426
9542,95
9543,95
9544,426
9545,95
9546,102
9547,426
9548,95
9549,95
9550,426
9551,95
9552,95
9553,95
9554,95
9555,116
9556,95
9557,95
9558,99
9559,95
9560,95
9561,95
9562,95
9563,95
9564,95
9565,95
9566,95
9567,433
9568,95
9569,95
9570,426
9571,95
9572,95
9573,426
9574,95
9575,95
9576,426
9577,95
9578,95
9579,95
9580,95
9581,95
9582,99
9583,95
9584,95
9585,97
9586,95
9587,95
9588,95
9589,95
9590,95
9591,95
9592,95
9593,95
9594,115
9595,95
9596,426
9597,99
9598,95
9599,426
9600,95
9601,95
9602,426
9603,95
9604,95
9605,426
9606,102
9607,95
9608,95
9609,95
9610,95
9611,95
9612,95
9613,95
9614,95
9615,116
9616,95
9617,95
9618,99
9619,426
9620,95
9621,95
9622,426
9623,95
9624,95
9625,426
9626,95
9627,102
9628,426
9629,95
9630,95
9631,95
9632,95
9633,95
9634,95
9635,95
9636,116
9637,95
9638,95
9639,99
9640,95
9641,95
9642,95
9643,95
9644,95
9645,426
9646,95
9647,95
9648,433
9649,95
9650,95
9651,376
9652,99
9653,95
9654,426
9655,95
9656,95
9657,476
9658,95
9659,95
9660,95
9661,95
9662,95
9663,100
9664,95
9665,95
9666,95
9667,95
9668,95
9669,95
9670,95
9671,95
9672,103
9673,95
9674,426
9675,104
9676,95
9677,426
9678,99
9679,95
9680,426
9681,95
9682,95
9683,95
9684,95
9685,95
9686,95
9687,102
9688,95
9689,95
9690,95
9691,95
9692,95
9693,95
9694,95
9695,95
9696,116
9697,426
9698,95
9699,99
9700,426
9701,95
9702,95
9703,426
9704,95
9705,95
9706,426
9707,95
9708,102
9709,95
9710,95
9711,95
9712,95
9713,95
9714,95
9715,95
9716,95
9717,116
9718,95
9719,95
9720,99
9721,95
9722,95
9723,426
9724,45
9725,95
9726,95
9727,107
9728,95
9729,426
9730,99
9731,95
9732,426
9733,95
9734,95
9735,426
9736,95
9737,95
9738,426
9739,102
9740,95
9741,95
9742,95
9743,95
9744,95
9745,95
9746,95
9747,95
9748,116
9749,95
9750,95
9751,99
9752,95
9753,95
9754,95
9755,426
9756,95
9757,95
9758,426
9759,95
9760,102
9761,426
9762,95
9763,95
9764,426
9765,95
9766,95
9767,95
9768,95
9769,116
9770,95
9771,95
9772,99
9773,95
9774,95
9775,95
9776,95
9777,95
9778,95
9779,95
9780,95
9781,433
9782,95
9783,95
9784,426
9785,95
9786,95
9787,426
9788,95
9789,95
9790,426
9791,95
9792,95
9793,95
9794,95
9795,95
9796,99
9797,95
9798,95
9799,97
9800,95
9801,95
9802,95
9803,95
9804,95
9805,95
9806,95
9807,95
9808,115
9809,95
9810,426
9811,99
9812,95
9813,426
9814,95
9815,95
9816,426
9817,95
9818,95
9819,95
9820,102
9821,95
9822,95
9823,95
9824,95
9825,95
9826,95
9827,95
9828,95
9829,116
9830,95
9831,95
9832,99
9833,426
9834,95
9835,95
9836,426
9837,95
9838,95
9839,426
9840,95
9841,102
9842,426
9843,95
9844,95
9845,95
9846,95
9847,95
9848,95
9849,95
9850,116
9851,95
9852,95
9853,99
9854,95
9855,95
9856,95
9857,95
9858,95
9859,426
9860,95
9861,95
9862,433
9863,95
9864,95
9865,426
9866,95
9867,95
9868,426
9869,95
9870,95
9871,95
9872,95
9873,95
9874,95
9875,95
9876,95
9877,99
9878,95
9879,95
9880,97
9881,95
9882,95
9883,95
9884,95
9885,95
9886,95
9887,95
9888,426
9889,115
9890,95
9891,426
9892,99
9893,95
9894,426
9895,95
9896,95
9897,95
9898,95
9899,95
9900,95
9901,102
9902,95
9903,95
9904,95
9905,95
9906,95
9907,95
9908,95
9909,95
9910,116
9911,426
9912,95
9913,99
9914,476
9915,95
9916,95
9917,99
9918,95
9919,95
9920,95
9921,95
9922,95
9923,95
9924,95
9925,95
9926,115
9927,95
9928,95
9929,99
9930,95
9931,426
9932,95
9933,95
9934,426
9935,95
9936,95
9937,426
9938,102
9939,45
9940,434
9941,95
9942,95
9943,426
9944,95
9945,95
9946,95
9947,95
9948,95
9949,95
9950,95
9951,45
9952,426
9953,45
9954,95
9955,426
9956,95
9957,95
9958,431
9959,95
9960,95
9961,95
9962,95
9963,95
9964,100
9965,95
9966,95
9967,99
9968,95
9969,95
9970,95
9971,95
9972,95
9973,95
9974,95
9975,95
9976,102
9977,95
9978,426
9979,95
9980,95
9981,426
9982,95
9983,95
9984,426
9985,116
9986,95
9987,95
9988,99
9989,95
9990,95
9991,95
9992,95
9993,95
9994,95
9995,95
9996,95
9997,102
9998,95
9999,95
Average Number of Clock Cycles: 141
Bin 0: 8612
Bin 1: 1
Bin 2: 1387
Bin Size: 150
Min: 45
Done!
